1 0 0

2 1 0

1 1 0

2 1 1

1 2 0 P

2 0 1 N

1 2 1

2 0 0

1 2 1

2 1 0

1 2 0

2 0 0

1 2 1

2 0 -1

1 3 1 P

2 1 -1 N

1 2 1

2 2 -1

1 3 1

2 1 -1

1 3 1

2 1 -2 N

1 3 2

2 1 -1

1 2 2 P

2 0 -1

1 2 3

2 0 0

1 3 3

2 0 1

1 3 3

2 1 1

1 3 3

2 2 1

1 3 3

2 2 0

1 4 3

2 1 0

1 5 3

2 1 -1

1 5 4

2 0 -1

1 5 3

2 0 0

1 6 3

2 0 -1

1 5 3

2 0 0

1 4 3

2 -1 0

1 4 3

2 -1 1

1 4 3

2 0 1

1 4 2

2 0 2

1 3 2

2 0 3

1 3 2

2 1 3

1 2 2

2 1 2

1 2 3

2 1 1

1 2 3

2 1 0

1 3 3

2 1 1

1 3 2

2 1 2

1 3 2

2 2 2

1 4 2

2 2 1

1 3 2

2 1 1

1 2 2

2 1 0

1 2 2

2 1 1

1 2 2

2 1 2

1 2 1

2 0 2

1 2 1

2 0 1

1 2 2

2 -1 1

1 2 2

2 -2 1

1 2 2

2 -3 1

1 2 3

2 -3 0

1 1 3

2 -3 -1

1 2 3

2 -2 -1

1 3 3

2 -2 0

1 3 4

2 -2 -1

1 2 4 N

2 -1 -1

1 1 4

2 0 -1

1 1 5

2 0 0

1 1 4

2 0 -1

1 2 4

2 1 -1

1 1 4

2 0 -1

1 1 5

2 0 -2

1 1 6

2 1 -2

1 1 6

2 1 -1

1 1 6

2 2 -1

1 1 5

2 2 0

1 0 5 N

2 1 0

1 0 4 P

2 1 1

1 -1 4

2 0 1

1 -1 4

2 -1 1

1 -2 4

2 0 1

1 -3 4

2 0 2

1 -2 4

2 1 2

1 -3 4

2 2 2

1 -2 4

2 2 1

1 -2 4

2 2 2

1 -1 4

2 3 2

1 -1 3

2 3 1

1 0 3

2 2 1

1 -1 3

2 1 1

1 -1 3

2 0 1

1 -2 3

2 0 0

1 -1 3

2 1 0

1 -2 3

2 2 0

1 -2 4

2 2 1

1 -2 5

2 2 0

1 -1 5

2 2 1

1 -1 4

2 2 0

1 -1 4

2 2 1

1 0 4

2 1 1

1 -1 4

2 1 0

1 -1 3

2 1 -1

1 -1 4

2 0 -1

1 -1 3

2 -1 -1

1 -1 2

2 -2 -1

1 0 2

2 -2 0

1 -1 2

2 -1 0

1 -1 2

2 -1 1

1 -2 2

2 0 1

1 -2 1

2 -1 1

1 -2 1

2 -1 2

1 -2 2

2 -1 1

1 -2 3

2 -1 0

1 -2 2

2 -1 -1

1 -1 2

2 -2 -1

1 -1 2

2 -1 -1

1 0 2

2 -2 -1

1 0 2

2 -3 -1

1 0 1

2 -3 0

1 0 1

2 -3 1

1 0 0

2 -3 2

1 0 -1

2 -2 2

1 -1 -1

2 -2 1

1 -1 0

2 -2 0

1 -1 0

2 -2 -1

1 -1 -1

2 -2 -2

1 0 -1

2 -2 -1

1 0 0

2 -2 -2

1 0 -1

2 -1 -2

1 0 -1

2 -1 -1

1 0 0

2 -2 -1

1 1 0

2 -2 -2

1 0 0

2 -3 -2

1 0 0

2 -3 -3

1 1 0

2 -2 -3

1 1 -1

2 -3 -3

1 1 -1

2 -4 -3

1 1 0

2 -3 -3

1 2 0

2 -4 -3

1 2 0

2 -4 -2

1 2 -1

2 -5 -2 N

1 1 -1

2 -5 -1

1 1 -1

2 -5 0

1 1 -1

2 -4 0 N

1 1 -2

2 -3 0

1 1 -2

2 -3 -1

1 1 -3

2 -3 -2

1 1 -3

2 -4 -2

1 1 -4

2 -5 -2

1 2 -4

2 -5 -3 N

1 2 -5

2 -5 -4

1 2 -5

2 -4 -4 N

1 2 -4

2 -4 -5

1 2 -3

2 -3 -5

1 3 -3 P

2 -3 -4

1 2 -3

2 -4 -4

1 1 -3

2 -5 -4

1 1 -2

2 -5 -5

1 0 -2

2 -5 -6 N

1 0 -3

2 -5 -5

1 0 -2

2 -5 -4

1 0 -2

2 -4 -4

1 0 -2

2 -5 -4

1 0 -2

2 -5 -5

1 0 -1

2 -6 -5

1 1 -1

2 -6 -4

1 1 0

2 -6 -3

1 2 0

2 -6 -2

1 1 0

2 -6 -1

1 2 0

2 -6 0

1 1 0

2 -6 1

1 0 0

2 -5 1 N

1 0 1

2 -5 0

1 1 1

2 -5 -1

1 1 1

2 -4 -1

1 1 1

2 -3 -1

1 0 1

2 -3 -2

1 0 0

2 -3 -3

1 0 0

2 -4 -3

1 0 0

2 -4 -4

1 1 0

2 -5 -4

1 1 1

2 -5 -5

1 1 1

2 -6 -5

1 2 1

2 -7 -5 N

1 3 1

2 -7 -4 N

1 3 1

2 -7 -3

1 2 1

2 -6 -3

1 2 1

2 -6 -4

1 2 1

2 -6 -5

1 2 2

2 -7 -5

1 2 1

2 -8 -5 N

1 2 1

2 -8 -4

1 2 2

2 -9 -4 N

1 3 2

2 -10 -4 N

1 4 2

2 -10 -3

1 3 2

2 -9 -3

1 3 1

2 -8 -3 N

1 3 2

2 -9 -3

1 3 2

2 -9 -2

1 2 2

2 -8 -2

1 2 3

2 -7 -2

1 1 3

2 -8 -2

1 1 2

2 -7 -2

1 0 2

2 -7 -1

1 0 3

2 -8 -1

1 0 4

2 -8 0

1 0 3

2 -7 0

1 0 2

2 -7 1

1 0 1

2 -8 1

1 0 2

2 -8 2

1 0 3

2 -8 3 N

1 0 3

2 -8 4

1 -1 3

2 -7 4 N

1 -1 2

2 -6 4

1 -1 2

2 -5 4

1 -1 1

2 -4 4

1 0 1

2 -3 4

1 1 1

2 -4 4

1 1 0

2 -4 3 N

1 1 -1

2 -3 3 N

1 1 -1

2 -2 3

1 1 -1

2 -1 3

1 1 -2

2 -1 4

1 1 -2

2 0 4

1 1 -2

2 0 3

1 1 -2

2 0 2

1 1 -3

2 0 3

1 2 -3

2 1 3

1 2 -2 N

2 1 2

1 1 -2

2 1 1

1 0 -2

2 1 0

1 0 -1

2 0 0

1 -1 -1

2 -1 0

1 -1 -1

2 -1 1

1 -1 0

2 0 1

1 -2 0

2 0 0

1 -2 1

2 0 1

1 -2 1

2 1 1

1 -2 2

2 2 1

1 -3 2

2 2 0

1 -3 2

2 1 0

1 -3 2

2 1 1

1 -4 2

2 0 1

1 -5 2

2 -1 1

1 -5 1

2 0 1

1 -5 0

2 0 2

1 -5 0

2 0 1

1 -5 1

2 0 0

1 -5 0

2 1 0

1 -4 0

2 1 1

1 -4 1

2 0 1

1 -4 2

2 0 0

1 -4 3

2 1 0

1 -4 3

2 1 1

1 -4 2

2 0 1

1 -4 1

2 -1 1

1 -4 2

2 -2 1

1 -4 1

2 -2 0

1 -4 1

2 -1 0

1 -4 0

2 -2 0

1 -3 0

2 -3 0

1 -4 0

2 -3 1

1 -5 0

2 -3 2

1 -5 -1

2 -2 2

1 -5 0

2 -1 2

1 -5 -1

2 0 2

1 -4 -1

2 1 2

1 -5 -1

2 2 2

1 -5 -2

2 2 1

1 -4 -2

2 2 0

1 -5 -2

2 2 1

1 -5 -1

2 2 2

1 -5 -1

2 2 3

1 -5 -1

2 1 3

1 -5 -1

2 0 3

1 -6 -1

2 -1 3

1 -6 0

2 -1 4

1 -6 1

2 -1 3

1 -6 1

2 -1 2

1 -7 1

2 0 2

1 -7 0

2 0 1

1 -7 0

2 0 0

1 -7 0

2 -1 0

1 -7 -1

2 -1 1

1 -7 -2

2 0 1

1 -7 -3

2 0 2

1 -6 -3

2 0 3

1 -7 -3

2 1 3

1 -7 -4

2 0 3

1 -7 -3

2 -1 3

1 -7 -3

2 -1 2

1 -7 -2

2 -1 1

1 -7 -2

2 -1 0

1 -7 -2

2 -1 -1

1 -8 -2

2 0 -1

1 -9 -2

2 1 -1

1 -9 -3

2 1 0

1 -8 -3

2 2 0

1 -8 -2

2 2 1

1 -8 -2

2 2 0

1 -8 -2

2 1 0

1 -7 -2

2 0 0

1 -7 -1

2 0 -1

1 -6 -1

2 1 -1

1 -6 0

2 1 0

1 -6 1

2 1 1

1 -6 1

2 0 1

1 -6 1

2 -1 1

1 -6 0

2 -1 0

1 -6 1

2 -1 -1

1 -7 1

2 -1 -2

1 -8 1

2 0 -2

1 -9 1

2 0 -1

1 -8 1

2 -1 -1

1 -8 2

2 -2 -1

1 -7 2

2 -2 0

1 -7 1

2 -1 0

1 -7 1

2 -1 -1

1 -8 1

2 -1 0

1 -8 1

2 -2 0

1 -7 1

2 -2 1

1 -7 2

2 -2 2

1 -7 3

2 -2 1

1 -7 2

2 -2 0

1 -7 3

2 -2 -1

1 -6 3

2 -2 -2

1 -6 4

2 -3 -2

1 -6 4

2 -3 -1

1 -6 4

2 -3 0

1 -7 4

2 -3 1

1 -8 4

2 -3 2

1 -7 4

2 -2 2

1 -6 4

2 -1 2

1 -6 3

2 -1 1

1 -6 3

2 -1 0

1 -6 2

2 -1 -1

1 -6 1

2 -1 0

1 -5 1

2 -2 0

1 -5 0

2 -3 0

1 -5 0

2 -3 -1

1 -5 0

2 -3 -2

1 -5 0

2 -3 -3

1 -5 0

2 -2 -3

1 -6 0

2 -2 -2

1 -6 1

2 -3 -2

1 -6 2

2 -3 -3

1 -6 3

2 -4 -3

1 -6 2

2 -4 -2

1 -6 1

2 -3 -2

1 -6 1

2 -3 -3

1 -6 1

2 -4 -3

1 -6 0

2 -4 -4

1 -6 0

2 -3 -4

1 -6 -1

2 -3 -3

1 -6 -1

2 -4 -3

1 -7 -1

2 -4 -4

1 -7 0

2 -5 -4

1 -8 0

2 -4 -4

1 -9 0 P

2 -5 -4

1 -9 -1

2 -5 -3

1 -10 -1

2 -4 -3

1 -9 -1

2 -4 -4

1 -9 -1

2 -4 -3

1 -10 -1

2 -4 -4

1 -10 -2

2 -5 -4

1 -11 -2

2 -5 -5

1 -11 -1

2 -4 -5

1 -11 0

2 -3 -5

1 -11 1

2 -3 -4

1 -11 0

2 -3 -3

1 -12 0

2 -3 -4

1 -12 0

2 -3 -3

1 -12 0

2 -3 -4

1 -11 0

2 -3 -3

1 -10 0 P

2 -3 -2

1 -10 1

2 -4 -2

1 -10 0

2 -3 -2

1 -10 1

2 -3 -3

1 -11 1

2 -4 -3

1 -11 0

2 -4 -4

1 -11 1

2 -5 -4

1 -11 2

2 -5 -5

1 -11 3 P

2 -6 -5

1 -10 3 P

2 -6 -4

1 -10 3

2 -6 -3

1 -11 3

2 -6 -2

1 -12 3

2 -5 -2

1 -13 3

2 -5 -1

1 -12 3

2 -4 -1

1 -12 3

2 -4 0

1 -11 3

2 -4 1

1 -12 3

2 -4 2

1 -13 3

2 -4 3

1 -14 3

2 -3 3

1 -14 3

2 -2 3

1 -15 3

2 -1 3

1 -15 2

2 0 3

1 -15 3

2 0 2

1 -15 2

2 0 3

1 -15 3

2 1 3

1 -16 3

2 2 3

1 -15 3

2 2 2

1 -16 3

2 1 2

1 -16 4

2 0 2

1 -16 4

2 0 1

1 -15 4

2 0 0

1 -15 3

2 0 1

1 -16 3

2 1 1

1 -16 3

2 0 1

1 -15 3

2 -1 1

1 -15 2

2 -1 0

1 -16 2

2 -1 -1

1 -16 2

2 0 -1

1 -16 2

2 0 0

1 -17 2

2 1 0

1 -17 3 P

2 1 1

1 -16 3

2 0 1

1 -16 4

2 0 0

1 -17 4

2 0 1

1 -17 3

2 0 0

1 -17 4

2 0 1

1 -16 4

2 1 1

1 -16 5

2 1 0

1 -16 5

2 1 1

1 -15 5

2 2 1

1 -16 5

2 1 1

1 -16 4

2 0 1

1 -16 3

2 0 2

1 -17 3

2 0 3

1 -17 4

2 0 4

1 -17 5

2 1 4

1 -17 6

2 2 4

1 -18 6 P

2 2 3

1 -19 6 P

2 1 3

1 -19 5 N

2 0 3

1 -18 5

2 0 2

1 -17 5

2 0 1

1 -17 4

2 0 0

1 -18 4 P

2 -1 0

1 -18 4

2 0 0

1 -18 4

2 0 -1

1 -18 4

2 1 -1

1 -17 4

2 1 0

1 -17 3

2 1 1

1 -16 3

2 0 1

1 -17 3

2 -1 1

1 -17 4

2 -1 0

1 -17 5

2 -2 0

1 -18 5

2 -2 1

1 -17 5

2 -2 2

1 -17 6

2 -1 2

1 -17 5

2 0 2

1 -17 5

2 1 2

1 -17 4

2 1 1

1 -16 4

2 2 1

1 -15 4

2 2 0

1 -15 3

2 2 1

1 -15 2

2 2 2

1 -14 2

2 3 2

1 -14 3

2 4 2

1 -15 3

2 4 1

1 -14 3

2 3 1

1 -14 3

2 3 0

1 -14 3

2 3 1

1 -14 4 P

2 3 2

1 -14 3

2 2 2

1 -13 3

2 1 2

1 -13 2

2 0 2

1 -13 3

2 0 1

1 -12 3

2 0 0

1 -12 2

2 0 1

1 -13 2

2 0 0

1 -12 2

2 1 0

1 -12 2

2 1 1

1 -12 3

2 0 1

1 -12 3

2 -1 1

1 -11 3

2 0 1

1 -11 3

2 -1 1

1 -10 3

2 -1 0

1 -10 2

2 -2 0

1 -9 2

2 -3 0

1 -9 1

2 -3 1

1 -8 1

2 -3 0

1 -7 1

2 -2 0

1 -8 1

2 -2 1

1 -7 1

2 -2 2

1 -7 2

2 -2 1

1 -7 1

2 -3 1

1 -7 1

2 -3 2

1 -7 2

2 -3 3

1 -8 2

2 -3 2

1 -8 1

2 -3 1

1 -8 0

2 -3 0

1 -9 0

2 -3 -1

1 -9 -1

2 -3 -2

1 -8 -1

2 -2 -2

1 -7 -1

2 -1 -2

1 -6 -1

2 -1 -1

1 -5 -1

2 0 -1

1 -6 -1

2 0 0

1 -6 0

2 0 1

1 -6 1

2 1 1

1 -6 1

2 1 0

1 -6 0

2 1 1

1 -6 -1

2 1 2

1 -5 -1

2 1 1

1 -5 -1

2 2 1

1 -5 -2

2 2 0

1 -5 -1

2 2 1

1 -5 -2

2 2 2

1 -5 -2

2 2 3

1 -6 -2

2 2 2

1 -7 -2

2 3 2

1 -7 -2

2 3 1

1 -6 -2

2 2 1

1 -7 -2

2 1 1

1 -7 -3

2 0 1

1 -7 -2

2 -1 1

1 -7 -3

2 -1 0

1 -7 -3

2 -1 -1

1 -7 -2

2 0 -1

1 -8 -2

2 0 0

1 -9 -2

2 -1 0

1 -9 -2

2 -1 1

1 -8 -2

2 0 1

1 -9 -2

2 0 2

1 -9 -1

2 1 2

1 -9 -2

2 2 2

1 -10 -2

2 2 1

1 -11 -2

2 2 0

1 -11 -1

2 1 0

1 -11 -2

2 0 0

1 -11 -2

2 -1 0

1 -11 -3

2 -1 1

1 -11 -3

2 0 1

1 -11 -3

2 1 1

1 -12 -3 N

2 2 1

1 -12 -4

2 2 0

1 -13 -4

2 1 0

1 -13 -3

2 1 -1

1 -13 -2 P

2 0 -1

1 -14 -2 P

2 0 -2

1 -14 -2

2 1 -2

1 -14 -1 P

2 1 -1

1 -14 -1

2 1 0

1 -15 -1

2 1 -1

1 -16 -1 N

2 1 0

1 -16 -1

2 1 1

1 -17 -1

2 0 1

1 -16 -1

2 -1 1

1 -16 -1

2 -1 0

1 -16 -1

2 -1 -1

1 -16 0 P

2 -2 -1

1 -16 -1

2 -2 0

1 -15 -1

2 -1 0

1 -15 -2

2 -1 -1

1 -15 -2

2 -2 -1

1 -14 -2

2 -1 -1

1 -15 -2

2 -2 -1

1 -16 -2

2 -1 -1

1 -16 -3

2 -2 -1

1 -17 -3

2 -1 -1

1 -17 -3

2 -2 -1

1 -18 -3

2 -1 -1

1 -17 -3

2 -1 0

1 -17 -4

2 -1 -1

1 -18 -4

2 -2 -1

1 -17 -4

2 -2 -2

1 -17 -4

2 -2 -3

1 -18 -4

2 -1 -3

1 -18 -3

2 -2 -3

1 -19 -3

2 -3 -3

1 -20 -3

2 -3 -2

1 -20 -3

2 -4 -2

1 -19 -3

2 -4 -1

1 -20 -3

2 -4 -2

1 -20 -3

2 -5 -2

1 -20 -4

2 -5 -1

1 -19 -4

2 -5 0

1 -19 -5

2 -4 0

1 -19 -5

2 -4 -1

1 -19 -4

2 -3 -1

1 -18 -4

2 -3 0

1 -18 -3

2 -3 1

1 -18 -3

2 -3 0

1 -18 -2 P

2 -3 -1

1 -17 -2

2 -3 -2

1 -17 -3

2 -3 -3

1 -16 -3

2 -3 -4

1 -16 -3

2 -3 -5

1 -17 -3

2 -3 -6

1 -17 -2

2 -3 -5

1 -17 -2

2 -3 -4

1 -17 -1

2 -2 -4

1 -17 -1

2 -3 -4

1 -17 0 P

2 -4 -4

1 -18 0

2 -4 -3

1 -18 -1

2 -4 -4

1 -17 -1

2 -4 -3

1 -17 0

2 -4 -4

1 -17 1

2 -5 -4

1 -18 1

2 -5 -3

1 -18 2

2 -5 -4

1 -18 2

2 -4 -4

1 -19 2 P

2 -4 -3

1 -19 2

2 -4 -4

1 -19 1 N

2 -5 -4

1 -20 1

2 -5 -5

1 -19 1

2 -4 -5

1 -18 1

2 -4 -4

1 -19 1

2 -5 -4

1 -18 1

2 -6 -4

1 -18 0

2 -6 -3

1 -18 1

2 -5 -3

1 -18 2

2 -5 -4

1 -18 2

2 -5 -5

1 -19 2

2 -6 -5

1 -19 3

2 -6 -6 N

1 -19 3

2 -6 -5

1 -18 3

2 -7 -5

1 -19 3

2 -7 -4

1 -19 2

2 -7 -3

1 -19 3

2 -7 -2

1 -19 4 P

2 -6 -2

1 -19 4

2 -5 -2

1 -19 5

2 -5 -3

1 -19 6

2 -5 -4

1 -19 6

2 -5 -5

1 -18 6

2 -6 -5

1 -18 7

2 -7 -5

1 -17 7

2 -7 -6 N

1 -17 7

2 -7 -7 N

1 -17 8

2 -6 -7 N

1 -17 7

2 -5 -7 N

1 -16 7

2 -5 -6

1 -15 7

2 -5 -5

1 -15 6

2 -6 -5

1 -14 6

2 -6 -6

1 -14 6

2 -6 -7

1 -15 6

2 -7 -7

1 -15 6

2 -7 -6

1 -15 6

2 -7 -7

1 -15 5

2 -8 -7 N

1 -14 5

2 -8 -6 N

1 -15 5

2 -9 -6

1 -16 5

2 -9 -5 N

1 -16 6

2 -8 -5

1 -16 5

2 -8 -4

1 -16 5

2 -8 -3

1 -17 5

2 -8 -2

1 -17 5

2 -8 -1

1 -17 6

2 -7 -1

1 -17 7

2 -6 -1

1 -17 7

2 -6 0

1 -17 6

2 -6 1

1 -17 6

2 -5 1

1 -16 6

2 -4 1

1 -17 6

2 -4 2

1 -16 6

2 -3 2

1 -16 5

2 -2 2

1 -17 5

2 -1 2

1 -16 5

2 -1 1

1 -17 5

2 -1 0

1 -17 6

2 -1 -1

1 -18 6

2 -2 -1

1 -18 6

2 -2 -2

1 -18 7

2 -1 -2

1 -17 7

2 -1 -3

1 -16 7

2 -1 -2

1 -16 7

2 -2 -2

1 -17 7

2 -3 -2

1 -16 7

2 -3 -3

1 -16 8

2 -3 -4

1 -16 8

2 -4 -4

1 -17 8

2 -4 -3

1 -16 8

2 -4 -4

1 -15 8

2 -4 -3

1 -16 8

2 -4 -4

1 -16 8

2 -5 -4

1 -15 8

2 -5 -5

1 -15 7

2 -6 -5

1 -15 7

2 -6 -6

1 -14 7

2 -7 -6

1 -14 8

2 -6 -6

1 -15 8

2 -7 -6

1 -16 8

2 -8 -6

1 -16 8

2 -8 -7

1 -16 9

2 -8 -8 N

1 -16 10

2 -7 -8 N

1 -17 10

2 -7 -7

1 -16 10

2 -8 -7

1 -17 10

2 -7 -7

1 -16 10

2 -7 -6

1 -15 10

2 -6 -6

1 -16 10

2 -7 -6

1 -16 11

2 -7 -7

1 -16 10

2 -8 -7

1 -16 11

2 -8 -8

1 -16 10

2 -9 -8 N

1 -17 10

2 -9 -7 N

1 -18 10

2 -9 -8

1 -18 10

2 -9 -9 N

1 -18 10

2 -8 -9

1 -18 10

2 -8 -8

1 -18 9 N

2 -8 -9

1 -18 9

2 -8 -8

1 -18 8

2 -9 -8

1 -18 7

2 -9 -9

1 -18 6

2 -10 -9

1 -18 5

2 -10 -8

1 -18 6

2 -10 -7

1 -18 5

2 -10 -6

1 -17 5

2 -11 -6

1 -16 5

2 -12 -6 N

1 -16 4

2 -12 -5

1 -15 4

2 -11 -5 N

1 -15 4

2 -10 -5

1 -15 3

2 -9 -5

1 -15 3

2 -9 -4

1 -15 4

2 -9 -3

1 -15 3

2 -9 -2

1 -15 2

2 -10 -2

1 -15 1

2 -11 -2

1 -15 0 P

2 -11 -1

1 -15 -1

2 -10 -1

1 -15 0

2 -9 -1

1 -15 0

2 -9 0

1 -15 -1

2 -8 0

1 -15 -2

2 -7 0

1 -14 -2

2 -7 1

1 -13 -2

2 -7 2

1 -12 -2

2 -7 1

1 -12 -1

2 -7 0

1 -11 -1

2 -6 0

1 -10 -1

2 -6 -1

1 -9 -1

2 -6 -2

1 -10 -1

2 -6 -3

1 -11 -1

2 -6 -4

1 -12 -1

2 -6 -5

1 -12 0

2 -6 -6

1 -12 0

2 -7 -6

1 -12 1

2 -7 -7

1 -11 1

2 -8 -7

1 -11 1

2 -8 -8

1 -11 0

2 -9 -8

1 -10 0

2 -9 -9

1 -9 0

2 -10 -9

1 -9 0

2 -10 -10

1 -9 1

2 -10 -9

1 -8 1

2 -10 -10

1 -8 0

2 -9 -10 N

1 -8 0

2 -9 -9

1 -7 0

2 -10 -9

1 -7 -1

2 -11 -9

1 -7 -1

2 -12 -9

1 -8 -1

2 -12 -8

1 -8 -1

2 -12 -7 N

1 -9 -1

2 -11 -7 N

1 -8 -1

2 -11 -8

1 -7 -1

2 -12 -8

1 -7 0

2 -12 -9

1 -7 -1

2 -12 -10

1 -7 0

2 -11 -10

1 -6 0

2 -11 -11

1 -6 -1

2 -10 -11 N

1 -5 -1

2 -10 -10

1 -6 -1

2 -11 -10

1 -6 0

2 -12 -10

1 -6 0

2 -12 -11

1 -5 0

2 -12 -12

1 -5 -1

2 -11 -12 N

1 -5 -2

2 -11 -11

1 -5 -1

2 -12 -11

1 -5 -2

2 -12 -12

1 -5 -3

2 -13 -12

1 -5 -3

2 -13 -11

1 -5 -4

2 -13 -10

1 -5 -3

2 -12 -10

1 -5 -3

2 -12 -11

1 -6 -3

2 -12 -12

1 -6 -2

2 -12 -11

1 -6 -1

2 -12 -12

1 -6 0

2 -13 -12

1 -5 0

2 -13 -13

1 -5 0

2 -13 -12

1 -4 0

2 -13 -13

1 -5 0

2 -13 -14

1 -6 0

2 -13 -15

1 -6 -1

2 -13 -16 N

1 -5 -1

2 -13 -17

1 -6 -1

2 -13 -18

1 -6 0

2 -13 -19

1 -7 0

2 -12 -19

1 -8 0

2 -11 -19

1 -7 0

2 -11 -18

1 -6 0

2 -12 -18

1 -6 -1

2 -12 -17

1 -6 0

2 -12 -16

1 -5 0

2 -12 -15

1 -5 -1

2 -12 -14

1 -5 -1

2 -12 -13 N

1 -5 -2

2 -11 -13

1 -6 -2

2 -11 -12

1 -7 -2

2 -11 -11

1 -8 -2

2 -12 -11

1 -8 -2

2 -12 -12

1 -7 -2

2 -13 -12

1 -6 -2

2 -13 -13

1 -7 -2

2 -13 -12

1 -7 -2

2 -13 -13

1 -7 -3

2 -13 -12

1 -7 -3

2 -13 -13

1 -7 -4

2 -14 -13

1 -7 -5

2 -14 -12 N

1 -7 -4

2 -14 -11

1 -8 -4

2 -15 -11

1 -8 -5

2 -15 -10 N

1 -8 -4

2 -14 -10

1 -7 -4

2 -14 -9

1 -7 -3

2 -14 -8 N

1 -6 -3

2 -13 -8

1 -6 -2

2 -13 -7 N

1 -5 -2

2 -13 -6

1 -5 -2

2 -13 -5

1 -5 -1

2 -14 -5

1 -5 0

2 -14 -4

1 -5 1

2 -13 -4

1 -5 1

2 -12 -4

1 -4 1

2 -11 -4

1 -4 1

2 -10 -4

1 -4 0

2 -9 -4

1 -3 0

2 -8 -4

1 -4 0

2 -8 -5

1 -4 0

2 -8 -6

1 -4 0

2 -7 -6

1 -5 0

2 -7 -7

1 -5 1

2 -7 -8

1 -6 1

2 -7 -7

1 -7 1

2 -8 -7

1 -7 2

2 -9 -7

1 -6 2

2 -9 -8

1 -7 2

2 -8 -8

1 -8 2

2 -8 -9

1 -8 1

2 -7 -9

1 -7 1

2 -7 -8

1 -6 1

2 -7 -7

1 -6 1

2 -7 -6

1 -5 1

2 -7 -7

1 -5 2

2 -7 -6

1 -5 2

2 -7 -7

1 -5 1

2 -7 -6

1 -5 0

2 -7 -7

1 -6 0

2 -8 -7

1 -7 0

2 -8 -8

1 -6 0

2 -9 -8

1 -6 1

2 -9 -9

1 -5 1

2 -10 -9

1 -5 2

2 -9 -9

1 -6 2

2 -9 -10

1 -6 2

2 -9 -9

1 -6 3

2 -10 -9

1 -6 4

2 -10 -10

1 -5 4

2 -10 -9

1 -5 4

2 -10 -10

1 -4 4

2 -11 -10

1 -4 5

2 -12 -10

1 -4 6

2 -13 -10

1 -4 5

2 -12 -10

1 -4 4

2 -13 -10

1 -4 3

2 -13 -9

1 -3 3

2 -13 -10

1 -2 3

2 -12 -10

1 -2 3

2 -13 -10

1 -1 3

2 -13 -11

1 -1 3

2 -13 -12

1 -1 2

2 -14 -12

1 0 2

2 -14 -13

1 0 2

2 -14 -14

1 1 2

2 -15 -14

1 0 2

2 -15 -13

1 0 1

2 -16 -13

1 1 1

2 -16 -12

1 0 1

2 -15 -12

1 1 1

2 -15 -13

1 1 0

2 -15 -14

1 1 -1

2 -14 -14

1 1 -1

2 -15 -14

1 0 -1

2 -15 -15

1 0 -1

2 -14 -15

1 -1 -1

2 -14 -16

1 0 -1

2 -15 -16

1 0 0

2 -16 -16

1 0 -1

2 -17 -16

1 0 0

2 -17 -15

1 0 1

2 -17 -14 N

1 0 1

2 -17 -15

1 0 1

2 -17 -16

1 -1 1

2 -17 -17

1 -2 1

2 -16 -17

1 -2 0

2 -15 -17

1 -2 1

2 -15 -16

1 -2 0

2 -16 -16

1 -2 0

2 -15 -16

1 -2 1

2 -16 -16

1 -2 0

2 -15 -16

1 -1 0

2 -16 -16

1 -2 0

2 -16 -15

1 -2 1

2 -15 -15

1 -2 2

2 -16 -15

1 -1 2

2 -17 -15

1 0 2

2 -16 -15

1 0 3

2 -16 -14

1 0 4

2 -17 -14

1 0 3

2 -18 -14 N

1 1 3

2 -19 -14

1 1 2

2 -18 -14

1 0 2

2 -17 -14

1 -1 2

2 -17 -13

1 -1 1

2 -17 -12

1 0 1

2 -17 -11

1 0 1

2 -16 -11

1 -1 1

2 -16 -10

1 -2 1

2 -16 -9

1 -2 0

2 -16 -10

1 -1 0

2 -16 -11

1 -1 0

2 -16 -12

1 0 0

2 -16 -13

1 0 -1

2 -16 -14

1 1 -1

2 -16 -15

1 0 -1

2 -16 -16

1 -1 -1

2 -16 -17

1 -1 -1

2 -16 -18

1 -1 -2

2 -16 -17

1 -1 -2

2 -17 -17

1 -1 -2

2 -18 -17

1 -1 -1

2 -18 -16

1 -1 -1

2 -18 -15

1 -1 -2

2 -18 -16

1 -2 -2

2 -19 -16

1 -2 -2

2 -19 -15

1 -3 -2

2 -18 -15

1 -3 -1

2 -18 -16

1 -3 0

2 -18 -17

1 -2 0

2 -18 -18

1 -1 0

2 -17 -18

1 -1 0

2 -17 -19

1 -1 1

2 -17 -20 N

1 0 1

2 -16 -20

1 1 1

2 -16 -19 N

1 1 2

2 -17 -19

1 0 2

2 -18 -19

1 0 2

2 -19 -19

1 0 3

2 -19 -18

1 -1 3

2 -20 -18 N

1 -2 3

2 -21 -18 N

1 -2 2

2 -21 -17 N

1 -2 3

2 -21 -16

1 -3 3

2 -21 -15

1 -2 3

2 -20 -15

1 -2 2

2 -20 -14

1 -1 2

2 -20 -13

1 -1 2

2 -19 -13

1 -1 2

2 -18 -13 N

1 -2 2

2 -18 -12

1 -1 2

2 -18 -11

1 -1 2

2 -18 -10

1 -1 3

2 -18 -11

1 -1 2

2 -18 -12

1 -1 1

2 -17 -12

1 -1 1

2 -16 -12

1 0 1

2 -16 -13

1 0 1

2 -16 -14

1 -1 1

2 -16 -15

1 0 1

2 -16 -16

1 -1 1

2 -17 -16

1 0 1

2 -17 -17

1 0 0

2 -17 -16

1 -1 0

2 -17 -17

1 0 0

2 -18 -17

1 0 1

2 -18 -18

1 0 2

2 -18 -19

1 0 1

2 -19 -19

1 0 0

2 -19 -20

1 -1 0

2 -18 -20

1 -1 1

2 -18 -21

1 -1 0

2 -18 -20

1 -1 1

2 -18 -21

1 0 1

2 -18 -20

1 0 1

2 -19 -20

1 0 0

2 -19 -21

1 1 0

2 -20 -21

1 1 1

2 -21 -21

1 1 1

2 -21 -20

1 1 1

2 -20 -20

1 2 1

2 -20 -19

1 2 0

2 -21 -19

1 1 0

2 -21 -20

1 1 1

2 -21 -21

1 1 2

2 -21 -20

1 0 2

2 -20 -20

1 0 3

2 -21 -20

1 0 3

2 -21 -21

1 0 3

2 -22 -21

1 0 2

2 -22 -20

1 1 2

2 -22 -19 N

1 1 1

2 -21 -19

1 1 2

2 -22 -19

1 1 1

2 -22 -18

1 1 2

2 -22 -17

1 0 2

2 -22 -16 N

1 0 3

2 -22 -15

1 0 4

2 -22 -14

1 -1 4

2 -21 -14

1 -1 3

2 -22 -14

1 -1 2

2 -22 -13

1 0 2

2 -21 -13

1 -1 2

2 -21 -12 N

1 -1 3

2 -20 -12 N

1 -2 3

2 -19 -12

1 -2 3

2 -19 -11

1 -1 3

2 -19 -10

1 0 3

2 -19 -9

1 0 3

2 -19 -10

1 -1 3

2 -19 -11

1 -1 2

2 -19 -12

1 0 2

2 -19 -13

1 0 1

2 -19 -14

1 0 2

2 -18 -14

1 0 2

2 -18 -15

1 -1 2

2 -18 -16

1 -1 1

2 -18 -17

1 -1 0

2 -17 -17

1 0 0

2 -18 -17

1 0 -1

2 -18 -18

1 0 0

2 -19 -18

1 1 0

2 -19 -17

1 1 -1

2 -20 -17

1 2 -1

2 -20 -16

1 1 -1

2 -20 -17

1 2 -1

2 -19 -17

1 2 -2

2 -18 -17

1 3 -2 N

2 -17 -17

1 3 -3

2 -17 -18

1 3 -4 P

2 -18 -18

1 2 -4

2 -18 -19

1 2 -3

2 -19 -19

1 2 -2

2 -20 -19

1 3 -2

2 -20 -20

1 3 -2

2 -20 -21

1 2 -2

2 -21 -21

1 3 -2

2 -22 -21

1 4 -2

2 -22 -22

1 5 -2 P

2 -21 -22

1 5 -3

2 -21 -21

1 6 -3

2 -22 -21

1 5 -3

2 -23 -21

1 5 -4

2 -23 -20 N

1 4 -4

2 -24 -20

1 4 -3 P

2 -24 -19

1 3 -3

2 -23 -19

1 3 -3

2 -22 -19

1 3 -2

2 -22 -20

1 2 -2

2 -22 -21

1 3 -2

2 -22 -22

1 3 -1

2 -23 -22

1 4 -1

2 -23 -23

1 3 -1

2 -22 -23

1 4 -1

2 -22 -22

1 3 -1

2 -23 -22

1 3 -1

2 -23 -23

1 3 -1

2 -24 -23

1 4 -1

2 -25 -23

1 4 0

2 -25 -22

1 4 0

2 -24 -22

1 3 0

2 -24 -21

1 4 0

2 -24 -22

1 3 0

2 -24 -23

1 3 -1

2 -24 -24

1 3 -2

2 -24 -23

1 3 -2

2 -24 -24

1 4 -2

2 -23 -24

1 5 -2

2 -23 -23

1 5 -2

2 -23 -24

1 4 -2

2 -23 -23

1 4 -3

2 -24 -23

1 4 -3

2 -24 -24

1 4 -4

2 -25 -24 N

1 4 -5

2 -25 -25

1 4 -5

2 -24 -25

1 5 -5

2 -24 -24

1 6 -5

2 -25 -24

1 5 -5

2 -26 -24

1 6 -5

2 -26 -23

1 5 -5

2 -26 -22

1 4 -5

2 -26 -21

1 4 -6

2 -25 -21

1 4 -5

2 -25 -20

1 4 -5

2 -25 -19

1 4 -6

2 -25 -18

1 4 -5

2 -25 -17

1 3 -5

2 -24 -17

1 3 -6

2 -23 -17

1 2 -6

2 -23 -16

1 2 -7

2 -23 -15

1 1 -7

2 -23 -14

1 1 -6

2 -23 -13

1 0 -6 P

2 -24 -13

1 0 -5

2 -24 -12

1 0 -4

2 -23 -12

1 -1 -4

2 -23 -13

1 -1 -3

2 -23 -14

1 -1 -4

2 -23 -15

1 -1 -4

2 -22 -15

1 -1 -4

2 -23 -15

1 -1 -4

2 -23 -16

1 -1 -4

2 -22 -16

1 -1 -3

2 -21 -16

1 -1 -4

2 -21 -17

1 0 -4

2 -22 -17

1 -1 -4

2 -21 -17

1 -2 -4

2 -22 -17

1 -2 -5 N

2 -22 -18

1 -1 -5

2 -22 -19

1 -2 -5

2 -21 -19

1 -2 -6

2 -21 -20

1 -2 -7

2 -21 -21

1 -1 -7

2 -22 -21

1 0 -7 P

2 -22 -22

1 0 -7

2 -23 -22

1 -1 -7

2 -23 -23

1 -1 -8

2 -24 -23

1 -2 -8

2 -24 -24

1 -2 -8

2 -24 -25

1 -3 -8 P

2 -24 -24

1 -2 -8

2 -25 -24

1 -3 -8

2 -25 -25

1 -2 -8

2 -26 -25

1 -2 -7

2 -26 -26

1 -3 -7

2 -26 -27

1 -4 -7

2 -25 -27

1 -4 -8

2 -25 -26 N

1 -4 -9 N

2 -25 -25

1 -3 -9

2 -25 -26

1 -3 -10 N

2 -25 -25

1 -2 -10

2 -25 -26

1 -2 -10

2 -25 -25

1 -2 -9

2 -26 -25

1 -3 -9

2 -26 -26

1 -3 -10

2 -26 -25

1 -3 -9

2 -25 -25

1 -3 -9

2 -25 -24

1 -3 -8

2 -25 -25

1 -3 -7

2 -26 -25

1 -3 -6

2 -27 -25

1 -4 -6

2 -27 -24

1 -4 -5

2 -27 -23

1 -3 -5

2 -26 -23

1 -4 -5

2 -25 -23

1 -5 -5

2 -25 -24

1 -5 -6

2 -25 -25

1 -5 -6

2 -26 -25

1 -4 -6

2 -27 -25

1 -4 -6

2 -27 -26

1 -4 -7

2 -28 -26

1 -5 -7

2 -27 -26

1 -5 -6

2 -28 -26

1 -6 -6

2 -28 -25

1 -7 -6

2 -28 -24

1 -6 -6

2 -28 -23

1 -6 -5

2 -28 -22

1 -6 -4

2 -27 -22

1 -5 -4

2 -27 -21

1 -5 -5

2 -27 -20

1 -4 -5

2 -26 -20

1 -3 -5

2 -26 -19

1 -2 -5

2 -26 -18 N

1 -1 -5

2 -26 -17

1 -1 -4

2 -26 -16

1 -1 -5

2 -25 -16

1 -1 -5

2 -25 -17

1 0 -5

2 -26 -17

1 0 -4

2 -27 -17 N

1 -1 -4

2 -27 -16

1 -1 -3

2 -26 -16

1 0 -3

2 -25 -16

1 0 -3

2 -25 -15

1 0 -3

2 -25 -14

1 0 -2

2 -25 -13

1 0 -1

2 -25 -12

1 0 0

2 -25 -11

1 0 -1

2 -24 -11

1 1 -1

2 -23 -11

1 0 -1

2 -23 -12

1 0 -1

2 -22 -12

1 0 0

2 -22 -11

1 0 0

2 -21 -11 N

1 0 -1

2 -21 -12

1 0 -2

2 -21 -13

1 1 -2

2 -21 -14

1 0 -2

2 -22 -14

1 -1 -2

2 -22 -15

1 -1 -1

2 -21 -15

1 -1 0

2 -21 -16

1 -1 1

2 -21 -17

1 -1 2

2 -21 -18

1 -1 1

2 -21 -19

1 0 1

2 -21 -20

1 0 0

2 -21 -21

1 1 0

2 -22 -21

1 0 0

2 -22 -22

1 0 -1

2 -23 -22

1 1 -1

2 -23 -23

1 0 -1

2 -24 -23

1 0 0

2 -24 -24

1 0 -1

2 -24 -25

1 1 -1

2 -24 -24

1 1 -2

2 -24 -23

1 1 -2

2 -25 -23

1 1 -1

2 -24 -23

1 1 -1

2 -24 -24

1 1 -1

2 -25 -24

1 1 -2

2 -24 -24

1 0 -2

2 -25 -24

1 0 -1

2 -26 -24

1 -1 -1

2 -26 -25

1 -1 -2

2 -27 -25

1 -2 -2

2 -27 -26

1 -1 -2

2 -28 -26

1 -1 -2

2 -28 -27 N

1 -2 -2

2 -27 -27

1 -2 -2

2 -28 -27

1 -2 -1

2 -27 -27

1 -1 -1

2 -28 -27

1 0 -1

2 -27 -27

1 0 0

2 -28 -27

1 1 0

2 -28 -28

1 1 0

2 -27 -28

1 0 0

2 -26 -28

1 0 0

2 -26 -27

1 1 0

2 -27 -27

1 1 -1

2 -28 -27

1 0 -1

2 -28 -28

1 1 -1

2 -28 -29

1 1 0

2 -27 -29

1 1 0

2 -27 -28

1 0 0

2 -27 -27

1 0 0

2 -28 -27

1 1 0

2 -28 -28

1 1 0

2 -28 -29

1 2 0

2 -28 -28

1 3 0

2 -29 -28

1 3 0

2 -29 -27

1 3 1

2 -29 -26

1 3 0

2 -29 -25

1 3 0

2 -29 -24

1 3 0

2 -29 -23

1 4 0

2 -29 -22

1 4 1

2 -28 -22

1 4 0

2 -28 -21 N

1 4 0

2 -28 -20 N

1 5 0

2 -28 -19

1 6 0 N

2 -27 -19

1 5 0

2 -27 -18 N

1 5 1

2 -26 -18

1 6 1 P

2 -26 -19

1 7 1

2 -26 -20

1 7 2

2 -27 -20

1 7 2

2 -27 -21

1 7 1

2 -27 -22

1 7 2

2 -26 -22

1 7 2

2 -25 -22

1 6 2

2 -25 -23

1 5 2 P

2 -24 -23

1 5 2

2 -24 -24

1 5 1

2 -25 -24

1 5 1

2 -25 -25

1 4 1

2 -26 -25

1 4 1

2 -26 -26

1 4 1

2 -26 -25

1 3 1

2 -26 -26

1 4 1

2 -26 -25

1 4 2

2 -26 -26

1 5 2

2 -26 -27

1 5 1

2 -27 -27

1 5 2

2 -28 -27

1 4 2

2 -27 -27

1 4 1

2 -28 -27

1 4 2

2 -28 -28

1 4 2

2 -29 -28

1 3 2

2 -29 -29

1 4 2

2 -30 -29

1 4 2

2 -30 -28

1 3 2

2 -29 -28

1 3 1

2 -29 -29

1 3 2

2 -30 -29

1 3 2

2 -30 -30

1 3 2

2 -29 -30 N

1 4 2

2 -29 -29

1 3 2

2 -29 -30

1 3 1

2 -29 -29

1 3 2

2 -30 -29

1 2 2

2 -30 -30

1 2 3

2 -31 -30

1 1 3

2 -30 -30

1 0 3

2 -31 -30

1 0 3

2 -31 -29

1 0 2

2 -31 -28

1 0 2

2 -31 -27

1 -1 2

2 -30 -27

1 -2 2

2 -30 -26 N

1 -2 2

2 -30 -25

1 -1 2

2 -30 -24

1 -1 3

2 -30 -23

1 -2 3

2 -29 -23

1 -2 3

2 -28 -23

1 -2 3

2 -28 -24

1 -2 3

2 -28 -25

1 -2 4

2 -28 -26

1 -1 4

2 -28 -27

1 -2 4

2 -28 -28

1 -2 3

2 -28 -29

1 -2 4

2 -28 -30

1 -3 4

2 -29 -30

1 -2 4

2 -30 -30

1 -1 4

2 -31 -30

1 0 4

2 -30 -30

1 1 4

2 -31 -30

1 2 4

2 -31 -31

1 2 5

2 -31 -32

1 2 5

2 -31 -33

1 1 5

2 -30 -33

1 1 4

2 -30 -32

1 1 5

2 -30 -31

1 0 5

2 -30 -30

1 0 4

2 -31 -30

1 0 4

2 -31 -31

1 -1 4

2 -32 -31

1 -1 3

2 -32 -30

1 -1 3

2 -32 -29

1 -2 3

2 -32 -28 N

1 -1 3

2 -31 -28

1 -1 4

2 -31 -29

1 0 4

2 -32 -29

1 0 4

2 -32 -30

1 0 5

2 -32 -31

1 1 5

2 -32 -32

1 1 6

2 -32 -31

1 1 6

2 -32 -32

1 1 5

2 -33 -32

1 1 4

2 -33 -31

1 2 4

2 -33 -30

1 2 4

2 -34 -30

1 2 5

2 -33 -30

1 2 4

2 -33 -29

1 2 3

2 -33 -28

1 2 4

2 -33 -27

1 1 4

2 -32 -27

1 1 3

2 -32 -26

1 1 3

2 -32 -27

1 1 3

2 -32 -28

1 1 2

2 -31 -28

1 1 2

2 -30 -28

1 2 2

2 -30 -29

1 2 2

2 -30 -30

1 3 2

2 -31 -30

1 3 2

2 -32 -30

1 3 2

2 -31 -30

1 3 3

2 -31 -31

1 3 3

2 -32 -31

1 3 4

2 -32 -32

1 4 4

2 -33 -32

1 4 3

2 -33 -33 N

1 3 3

2 -32 -33 N

1 3 4

2 -32 -32

1 3 3

2 -33 -32

1 3 2

2 -33 -33

1 3 3

2 -33 -32

1 4 3

2 -33 -33

1 4 3

2 -34 -33 N

1 5 3

2 -34 -32

1 5 2

2 -34 -31

1 5 2

2 -33 -31

1 5 2

2 -32 -31

1 5 3

2 -32 -32

1 5 4

2 -33 -32

1 6 4

2 -33 -33

1 7 4

2 -34 -33

1 7 4

2 -34 -34 N

1 7 4

2 -33 -34

1 6 4

2 -33 -33

1 6 3

2 -34 -33

1 7 3 P

2 -34 -34

1 6 3

2 -34 -35

1 7 3

2 -33 -35

1 7 3

2 -33 -34

1 7 4

2 -33 -33

1 8 4

2 -34 -33

1 8 4

2 -33 -33

1 8 3

2 -34 -33

1 9 3

2 -33 -33

1 9 2

2 -34 -33

1 8 2

2 -33 -33

1 9 2

2 -34 -33

1 10 2

2 -34 -34

1 10 3

2 -35 -34

1 11 3 N

2 -35 -33

1 11 2

2 -35 -32

1 11 2

2 -35 -31

1 10 2

2 -35 -30

1 9 2

2 -35 -29

1 8 2

2 -34 -29

1 9 2

2 -34 -28

1 10 2

2 -34 -27

1 10 3

2 -34 -26

1 11 3

2 -33 -26

1 11 4

2 -32 -26

1 12 4

2 -31 -26 N

1 11 4

2 -31 -25 N

1 11 5

2 -31 -24

1 10 5 N

2 -31 -23

1 10 5

2 -31 -22

1 10 5

2 -31 -23

1 10 6

2 -31 -24

1 10 6

2 -31 -25

1 10 5

2 -31 -26

1 11 5

2 -31 -27

1 11 6

2 -31 -28

1 12 6 P

2 -31 -29

1 12 7

2 -31 -30

1 12 8

2 -32 -30

1 12 9

2 -33 -30

1 12 8

2 -33 -31

1 12 7

2 -33 -32

1 12 8

2 -32 -32

1 11 8

2 -33 -32

1 11 8

2 -33 -33

1 11 9

2 -34 -33

1 12 9

2 -34 -34

1 11 9

2 -34 -35

1 11 10

2 -35 -35

1 12 10

2 -36 -35

1 12 11

2 -36 -34

1 12 10

2 -36 -33

1 13 10

2 -36 -32

1 14 10 N

2 -35 -32

1 14 9

2 -36 -32

1 14 9

2 -36 -31

1 14 10

2 -36 -30

1 13 10

2 -37 -30

1 13 11

2 -37 -29

1 12 11

2 -36 -29

1 13 11

2 -36 -28

1 13 12

2 -35 -28

1 12 12

2 -36 -28

1 13 12

2 -36 -27

1 14 12

2 -35 -27

1 15 12

2 -35 -26 N

1 15 12

2 -35 -25

1 15 12

2 -35 -26

1 16 12 P

2 -36 -26 N

1 16 12

2 -36 -25 N

1 17 12

2 -36 -24

1 17 13

2 -35 -24

1 17 13

2 -34 -24 N

1 16 13 P

2 -34 -25

1 16 13

2 -33 -25

1 16 14

2 -32 -25

1 16 14

2 -33 -25

1 15 14 P

2 -34 -25

1 15 15

2 -34 -26

1 14 15

2 -34 -27

1 14 14

2 -34 -28

1 14 15

2 -34 -29

1 14 14

2 -34 -30

1 15 14

2 -34 -31

1 14 14

2 -33 -31

1 14 14

2 -33 -32

1 14 14

2 -33 -33

1 14 14

2 -33 -32

1 14 14

2 -34 -32

1 14 14

2 -33 -32

1 14 14

2 -33 -33

1 15 14

2 -34 -33

1 15 15

2 -34 -34

1 15 16

2 -35 -34

1 15 15

2 -35 -35

1 16 15

2 -36 -35

1 16 15

2 -36 -36

1 16 15

2 -35 -36 N

1 16 16

2 -35 -35

1 16 17

2 -35 -36

1 16 17

2 -36 -36

1 15 17

2 -37 -36

1 14 17 P

2 -36 -36

1 14 17

2 -37 -36

1 14 18 P

2 -37 -35

1 13 18

2 -37 -34

1 12 18

2 -37 -33

1 12 18

2 -37 -32

1 13 18

2 -38 -32

1 13 18

2 -39 -32

1 13 18

2 -39 -31

1 14 18

2 -38 -31

1 14 17

2 -37 -31

1 13 17

2 -37 -32

1 13 16

2 -37 -33

1 13 17

2 -37 -34

1 12 17

2 -37 -35

1 13 17

2 -37 -36

1 13 17

2 -37 -37

1 13 16

2 -36 -37

1 13 16

2 -37 -37

1 12 16 P

2 -38 -37

1 12 16

2 -38 -36

1 12 15

2 -37 -36

1 12 15

2 -38 -36

1 13 15 P

2 -38 -35

1 13 16

2 -39 -35

1 13 16

2 -39 -34

1 13 17

2 -38 -34 N

1 12 17

2 -38 -33 N

1 11 17

2 -38 -34

1 11 18

2 -38 -35

1 12 18

2 -38 -36

1 12 17

2 -37 -36

1 13 17

2 -37 -37

1 14 17

2 -38 -37

1 14 18

2 -39 -37

1 14 18

2 -38 -37

1 13 18

2 -38 -38

1 14 18

2 -37 -38

1 13 18

2 -37 -37

1 14 18

2 -38 -37

1 14 18

2 -38 -38

1 13 18

2 -38 -37

1 13 19

2 -38 -38

1 13 18

2 -39 -38

1 13 18

2 -39 -39 N

1 13 18

2 -39 -40

1 13 19

2 -39 -39

1 14 19

2 -38 -39 N

1 14 18

2 -38 -38

1 15 18

2 -39 -38

1 15 18

2 -39 -39

1 14 18

2 -39 -40

1 14 18

2 -38 -40 N

1 15 18

2 -38 -39

1 15 19

2 -39 -39

1 15 18

2 -40 -39 N

1 14 18

2 -40 -38

1 15 18

2 -40 -37

1 15 19

2 -40 -36

1 16 19

2 -39 -36

1 15 19

2 -39 -37

1 15 18

2 -39 -38

1 15 18

2 -38 -38

1 16 18

2 -39 -38

1 16 18

2 -38 -38

1 16 17

2 -39 -38

1 16 17

2 -38 -38

1 16 18

2 -39 -38

1 17 18

2 -39 -39

1 17 18

2 -40 -39

1 16 18

2 -39 -39

1 16 17

2 -40 -39

1 16 16

2 -39 -39

1 15 16

2 -40 -39

1 15 17

2 -40 -40 N

1 16 17

2 -41 -40 N

1 17 17

2 -41 -39 N

1 16 17

2 -41 -38

1 16 18

2 -41 -37

1 16 19

2 -42 -37

1 16 18

2 -43 -37

1 16 18

2 -43 -36

1 15 18

2 -43 -37

1 15 17

2 -43 -38

1 15 18

2 -42 -38

1 14 18

2 -42 -39

1 14 18

2 -42 -40

1 14 19

2 -41 -40

1 15 19

2 -42 -40

1 16 19

2 -42 -41 N

1 17 19

2 -41 -41

1 18 19

2 -40 -41

1 18 19

2 -40 -40

1 18 20

2 -41 -40

1 19 20

2 -41 -41

1 18 20

2 -42 -41

1 17 20

2 -42 -42 N

1 17 20

2 -41 -42

1 17 21

2 -41 -41

1 17 20

2 -42 -41

1 17 19

2 -42 -42

1 17 18

2 -43 -42

1 17 17

2 -42 -42

1 17 17

2 -43 -42

1 17 16

2 -42 -42

1 17 17

2 -42 -41

1 17 17

2 -42 -42

1 16 17

2 -42 -43

1 16 18

2 -41 -43

1 15 18

2 -41 -42

1 15 18

2 -41 -41

1 14 18

2 -41 -42

1 15 18

2 -41 -41

1 15 18

2 -41 -42

1 16 18

2 -42 -42

1 16 18

2 -42 -43

1 17 18

2 -42 -42

1 17 18

2 -43 -42

1 17 17

2 -43 -41 N

1 17 18

2 -43 -40

1 16 18

2 -43 -39

1 15 18

2 -43 -40

1 15 17

2 -42 -40

1 15 18

2 -42 -41

1 14 18

2 -42 -42

1 14 18

2 -43 -42

1 15 18

2 -43 -43

1 15 19

2 -44 -43

1 15 18

2 -44 -42

1 15 18

2 -44 -41

1 14 18

2 -44 -40

1 14 18

2 -44 -39

1 14 19

2 -44 -38

1 14 20

2 -44 -37

1 14 21

2 -43 -37

1 13 21

2 -43 -38

1 14 21

2 -43 -39

1 14 21

2 -43 -40

1 14 22

2 -42 -40

1 13 22

2 -42 -41

1 13 23

2 -43 -41

1 13 22

2 -43 -42

1 14 22

2 -42 -42

1 14 23

2 -43 -42

1 13 23

2 -43 -43

1 13 23

2 -44 -43

1 13 23

2 -44 -44

1 13 23

2 -43 -44

1 13 24 P

2 -44 -44

1 13 24

2 -45 -44

1 12 24

2 -45 -43 N

1 13 24

2 -45 -42

1 12 24

2 -46 -42

1 11 24 N

2 -47 -42

1 11 25 P

2 -47 -41

1 10 25

2 -46 -41

1 9 25

2 -45 -41

1 9 24

2 -46 -41

1 9 25

2 -46 -40 N

1 9 24

2 -45 -40 N

1 10 24

2 -45 -39 N

1 10 25

2 -45 -38

1 10 26

2 -45 -37

1 9 26

2 -45 -36

1 9 27

2 -44 -36

1 9 26

2 -44 -35

1 8 26

2 -44 -36

1 8 25

2 -45 -36

1 8 25

2 -45 -35

1 8 26

2 -45 -34

1 8 26

2 -44 -34

1 8 25

2 -43 -34

1 8 25

2 -43 -35

1 8 26

2 -43 -34

1 8 26

2 -42 -34

1 8 25

2 -41 -34 N

1 8 24

2 -41 -35

1 9 24

2 -40 -35

1 8 24

2 -41 -35

1 8 23 P

2 -41 -36

1 8 22

2 -42 -36

1 7 22

2 -42 -35

1 6 22 P

2 -43 -35

1 6 21

2 -43 -36

1 6 21

2 -43 -37

1 6 22

2 -43 -38

1 7 22

2 -43 -39

1 7 23

2 -43 -40

1 6 23

2 -43 -41

1 6 24

2 -43 -42

1 6 25

2 -43 -43

1 6 24

2 -44 -43

1 6 24

2 -45 -43

1 6 23

2 -44 -43

1 7 23

2 -45 -43

1 7 24

2 -45 -44

1 6 24

2 -45 -45

1 6 25

2 -44 -45

1 7 25

2 -44 -44

1 7 26

2 -44 -45

1 7 25

2 -44 -44

1 7 25

2 -45 -44

1 7 25

2 -44 -44

1 7 25

2 -44 -43

1 8 25

2 -44 -44

1 8 26

2 -44 -43

1 8 26

2 -44 -44

1 7 26

2 -44 -43

1 7 26

2 -44 -44

1 7 25

2 -45 -44

1 7 25

2 -45 -45

1 8 25

2 -46 -45

1 8 24

2 -46 -44

1 7 24

2 -46 -43

1 7 25

2 -46 -44

1 6 25

2 -45 -44

1 6 24

2 -45 -45

1 7 24

2 -46 -45

1 8 24

2 -46 -46

1 8 25

2 -45 -46

1 8 24

2 -45 -45

1 8 23

2 -46 -45

1 8 23

2 -46 -46

1 8 22

2 -47 -46

1 9 22

2 -48 -46

1 9 23

2 -48 -45

1 10 23

2 -48 -46

1 10 24

2 -48 -47 N

1 11 24

2 -47 -47

1 11 24

2 -46 -47

1 11 23

2 -46 -46

1 12 23

2 -47 -46

1 12 22

2 -47 -45

1 13 22

2 -47 -44

1 13 21

2 -47 -43

1 13 22

2 -47 -44

1 13 21

2 -47 -45

1 12 21

2 -47 -46

1 12 20 P

2 -48 -46

1 12 19

2 -48 -47

1 11 19

2 -48 -48 N

1 11 18

2 -48 -49 N

1 11 17

2 -48 -50

1 12 17

2 -47 -50

1 11 17

2 -48 -50

1 12 17

2 -48 -49

1 11 17

2 -47 -49

1 10 17

2 -47 -48

1 10 18

2 -46 -48

1 11 18

2 -46 -47

1 11 17

2 -46 -46

1 12 17

2 -47 -46

1 12 17

2 -46 -46

1 12 18

2 -46 -47

1 11 18

2 -47 -47

1 11 17

2 -47 -48

1 11 17

2 -47 -49

1 11 17

2 -47 -48

1 11 17

2 -48 -48

1 10 17

2 -48 -47

1 10 16 P

2 -48 -48

1 9 16

2 -49 -48

1 9 15

2 -49 -47 N

1 9 16

2 -49 -46

1 10 16

2 -50 -46

1 11 16

2 -50 -45

1 11 15

2 -49 -45

1 12 15

2 -49 -44

1 12 15

2 -48 -44

1 13 15

2 -49 -44

1 12 15

2 -49 -43

1 12 15

2 -48 -43

1 12 15

2 -48 -42 N

1 12 15

2 -48 -41 N

1 12 15

2 -48 -40

1 13 15

2 -48 -39

1 12 15

2 -47 -39 N

1 12 14

2 -46 -39 N

1 13 14 P

2 -46 -38

1 13 13

2 -45 -38

1 13 13

2 -45 -39

1 12 13

2 -44 -39

1 12 13

2 -44 -40

1 11 13

2 -45 -40

1 11 13

2 -44 -40

1 11 13

2 -44 -41

1 11 12

2 -44 -42

1 10 12

2 -44 -43

1 11 12

2 -44 -44

1 11 13

2 -45 -44

1 10 13 P

2 -45 -45

1 10 12

2 -46 -45

1 11 12

2 -46 -46

1 10 12

2 -47 -46

1 11 12

2 -46 -46

1 12 12

2 -46 -45

1 13 12

2 -47 -45

1 13 11

2 -48 -45

1 13 10

2 -48 -46

1 13 9

2 -48 -47

1 14 9

2 -48 -48

1 14 8

2 -49 -48

1 15 8

2 -49 -49

1 16 8

2 -50 -49

1 16 8

2 -50 -48

1 16 8

2 -50 -47

1 17 8 N

2 -49 -47

1 17 7

2 -48 -47

1 17 8

2 -47 -47

1 16 8

2 -48 -47

1 16 9

2 -48 -48

1 16 8

2 -49 -48

1 16 9

2 -49 -49

1 15 9

2 -50 -49

1 15 9

2 -49 -49

1 14 9

2 -50 -49

1 14 8

2 -50 -50 N

1 13 8 N

2 -50 -51 N

1 13 9

2 -50 -50

1 12 9

2 -49 -50

1 12 9

2 -50 -50

1 12 8

2 -51 -50

1 13 8

2 -51 -49

1 13 8

2 -51 -48

1 13 7

2 -51 -47

1 14 7

2 -51 -46 N

1 14 8

2 -51 -45

1 15 8

2 -52 -45

1 16 8

2 -52 -44

1 17 8

2 -51 -44

1 17 7

2 -50 -44

1 17 6 N

2 -50 -43

1 17 7

2 -50 -42

1 16 7

2 -49 -42

1 15 7 N

2 -49 -41 N

1 14 7

2 -49 -40

1 13 7

2 -49 -39

1 13 8

2 -49 -38

1 13 8

2 -49 -39

1 13 8

2 -49 -40

1 13 7

2 -48 -40

1 14 7

2 -47 -40 N

1 13 7

2 -47 -41

1 13 7

2 -47 -42

1 13 6

2 -46 -42

1 12 6

2 -46 -43

1 11 6

2 -47 -43

1 11 7

2 -47 -44

1 11 8

2 -47 -45

1 12 8

2 -47 -46

1 11 8

2 -47 -47

1 10 8

2 -47 -46

1 10 8

2 -46 -46

1 10 8

2 -47 -46

1 11 8

2 -47 -47

1 11 7

2 -48 -47

1 11 6

2 -48 -48

1 11 5

2 -49 -48

1 11 6

2 -50 -48

1 10 6

2 -50 -49

1 10 5

2 -50 -50

1 10 4 N

2 -51 -50

1 10 3

2 -51 -51

1 10 3

2 -52 -51

1 10 2

2 -52 -50

1 10 1

2 -51 -50

1 9 1

2 -51 -51

1 8 1

2 -51 -50

1 8 0

2 -51 -51

1 9 0

2 -51 -52 N

1 9 0

2 -51 -53 N

1 9 0

2 -51 -52

1 9 -1

2 -51 -51

1 9 0

2 -52 -51

1 9 0

2 -52 -52

1 9 -1

2 -53 -52

1 9 0

2 -52 -52

1 10 0 P

2 -53 -52

1 10 1

2 -53 -51

1 10 1

2 -54 -51

1 11 1

2 -54 -50

1 12 1

2 -53 -50

1 12 1

2 -54 -50

1 11 1

2 -54 -49 N

1 11 0 P

2 -53 -49

1 12 0

2 -53 -50

1 13 0

2 -54 -50

1 12 0

2 -53 -50

1 12 1

2 -53 -51

1 12 2

2 -52 -51

1 12 3

2 -52 -52

1 12 2

2 -53 -52

1 12 3

2 -53 -53

1 13 3

2 -52 -53

1 13 3

2 -53 -53

1 13 2 P

2 -54 -53

1 13 3

2 -54 -52

1 13 3

2 -54 -53

1 13 4

2 -54 -54

1 12 4

2 -53 -54

1 11 4

2 -53 -53

1 11 4

2 -54 -53

1 11 3

2 -53 -53

1 10 3

2 -54 -53

1 10 2

2 -54 -54

1 11 2

2 -55 -54

1 12 2

2 -55 -53

1 12 3

2 -55 -52

1 12 2

2 -55 -51

1 12 1

2 -55 -50

1 11 1

2 -56 -50

1 12 1

2 -56 -49

1 13 1

2 -55 -49

1 14 1

2 -55 -48

1 15 1

2 -55 -47 N

1 15 0

2 -55 -48

1 14 0

2 -54 -48

1 14 -1 P

2 -54 -49

1 14 -2 N

2 -54 -50

1 14 -1

2 -54 -51

1 14 0

2 -53 -51

1 14 0

2 -53 -52

1 15 0

2 -53 -53

1 15 0

2 -54 -53

1 15 0

2 -54 -54

1 16 0

2 -54 -53

1 16 -1

2 -54 -54

1 17 -1

2 -54 -53

1 17 -2

2 -54 -54

1 16 -2

2 -55 -54

1 15 -2

2 -54 -54

1 15 -1

2 -55 -54

1 15 -1

2 -55 -55

1 16 -1

2 -54 -55

1 16 -2

2 -53 -55 N

1 16 -3 N

2 -53 -54

1 16 -2

2 -53 -53

1 17 -2

2 -54 -53

1 18 -2

2 -55 -53

1 18 -2

2 -55 -54

1 18 -2

2 -54 -54

1 17 -2

2 -55 -54

1 17 -1

2 -56 -54

1 18 -1

2 -55 -54

1 19 -1

2 -55 -55

1 19 -1

2 -55 -56

1 19 -2

2 -55 -57 N

1 19 -2

2 -54 -57

1 19 -1

2 -54 -56

1 19 -1

2 -53 -56

1 19 -2

2 -53 -55

1 19 -2

2 -54 -55

1 19 -2

2 -55 -55

1 19 -1

2 -55 -54

1 19 -1

2 -55 -55

1 19 0

2 -55 -56

1 19 0

2 -56 -56

1 19 -1

2 -56 -55

1 19 0

2 -55 -55

1 18 0

2 -56 -55

1 19 0

2 -57 -55

1 19 -1

2 -58 -55 N

1 19 0

2 -58 -54

1 19 1

2 -57 -54

1 19 0

2 -57 -53

1 19 -1

2 -56 -53 N

1 19 0

2 -56 -52

1 19 0

2 -56 -51

1 19 1

2 -57 -51

1 19 1

2 -57 -50

1 18 1

2 -56 -50

1 18 2 N

2 -55 -50

1 18 1

2 -55 -51

1 17 1

2 -55 -52

1 17 2

2 -55 -53

1 17 1

2 -55 -54

1 17 2

2 -55 -55

1 17 1

2 -55 -56

1 17 1

2 -56 -56

1 17 0

2 -57 -56

1 17 1

2 -56 -56

1 17 0

2 -57 -56

1 18 0

2 -57 -57

1 18 0

2 -57 -56

1 18 0

2 -57 -57

1 18 -1

2 -57 -56

1 18 -1

2 -57 -57

1 19 -1

2 -56 -57 N

1 19 -2

2 -56 -56

1 19 -3

2 -56 -55

1 18 -3

2 -55 -55

1 18 -3

2 -56 -55

1 18 -2

2 -57 -55

1 17 -2

2 -56 -55

1 17 -1

2 -56 -56

1 17 -1

2 -56 -57

1 17 -2

2 -57 -57

1 17 -2

2 -57 -56

1 16 -2

2 -57 -57

1 16 -1

2 -58 -57

1 16 0

2 -57 -57

1 16 1

2 -58 -57

1 16 0

2 -59 -57

1 17 0

2 -59 -56

1 17 0

2 -58 -56 N

1 18 0

2 -58 -57

1 18 1

2 -58 -58

1 18 1

2 -57 -58

1 17 1

2 -58 -58

1 17 0

2 -59 -58

1 16 0

2 -58 -58

1 16 -1

2 -58 -57

1 16 -1

2 -58 -58

1 16 -1

2 -59 -58

1 16 -1

2 -59 -59 N

1 17 -1

2 -58 -59

1 18 -1

2 -59 -59

1 18 0

2 -60 -59

1 19 0

2 -60 -58

1 19 1

2 -59 -58

1 19 0

2 -60 -58

1 19 1

2 -60 -57

1 19 1

2 -60 -56

1 19 1

2 -59 -56

1 19 2

2 -59 -55 N

1 20 2

2 -59 -54

1 19 2

2 -59 -53

1 19 3

2 -58 -53

1 19 4

2 -58 -52

1 20 4

2 -57 -52

1 21 4

2 -56 -52

1 21 4

2 -56 -53

1 22 4

2 -56 -54

1 23 4

2 -56 -55

1 22 4

2 -56 -56

1 22 3

2 -57 -56

1 22 3

2 -57 -57

1 22 2

2 -58 -57

1 23 2

2 -58 -58

1 23 2

2 -58 -57

1 23 1

2 -58 -58

1 23 2

2 -59 -58

1 23 2

2 -59 -59

1 24 2

2 -59 -58

1 24 1

2 -60 -58

1 24 2

2 -61 -58 N

1 23 2

2 -60 -58

1 23 3 P

2 -60 -59

1 23 2

2 -59 -59

1 22 2

2 -60 -59

1 22 2

2 -60 -60

1 21 2

2 -59 -60

1 21 3

2 -59 -59

1 22 3

2 -60 -59

1 21 3

2 -60 -60

1 22 3

2 -61 -60 N

1 23 3

2 -61 -59

1 24 3

2 -60 -59

1 24 4

2 -60 -60

1 23 4

2 -60 -59

1 23 3

2 -60 -60

1 23 2

2 -61 -60

1 23 2

2 -61 -61 N

1 23 2

2 -61 -62

1 22 2

2 -60 -62

1 22 2

2 -60 -61

1 23 2

2 -60 -60

1 23 2

2 -61 -60

1 23 1

2 -61 -61

1 23 1

2 -62 -61

1 23 0

2 -62 -60

1 23 1

2 -62 -59

1 23 0

2 -62 -58

1 22 0

2 -62 -57

1 23 0

2 -62 -58

1 22 0

2 -62 -59

1 21 0

2 -62 -60

1 20 0

2 -62 -61

1 21 0

2 -62 -62

1 21 -1

2 -62 -63

1 21 -1

2 -61 -63

1 22 -1

2 -62 -63

1 23 -1

2 -63 -63 N

1 24 -1 P

2 -63 -62

Player 2 wins: -3 v. 7052
