0
1 0 0

2 1 0

0
1 1 0

2 1 1

2
1 2 0

2 1 0

1
1 1 0

2 0 0

0
1 0 0

2 0 -1

2
1 1 0

2 1 -1

3
1 0 0

2 1 0

2
1 1 0

2 1 1

1
1 1 -1

2 0 1

1
1 1 -2

2 0 0

3
1 1 -1

2 -1 0

3
1 1 0

2 0 0

3
1 2 0

2 0 -1

1
1 1 0

2 1 -1

3
1 1 1

2 1 0

1
1 1 0

2 0 0

0
1 0 0

2 1 0

1
1 -1 0

2 1 1

0
1 -2 0

2 1 2

1
1 -3 0

2 0 2

2
1 -4 0

2 0 1

1
1 -4 -1

2 0 0

3
1 -5 -1

2 1 0

3
1 -4 -1

2 0 0

3
1 -4 0

2 0 -1

3
1 -4 1

2 0 -2

1
1 -5 1

2 1 -2

1
1 -6 1

2 1 -1

1
1 -7 1

2 0 -1

1
1 -8 1

2 -1 -1

1
1 -9 1

2 -1 0

3
1 -9 2

2 -2 0

1
1 -9 1

2 -2 1

0
1 -10 1 P

2 -2 0

1
1 -11 1 P

2 -1 0

0
1 -12 1

2 -1 1 N

0
1 -13 1

2 0 1

0
1 -14 1

2 1 1

0
1 -13 1

2 1 0

1
1 -12 1

2 1 1

1
1 -11 1

2 2 1

0
1 -12 1

2 2 0

0
1 -13 1

2 2 1

1
1 -13 0 P

2 2 2

2
1 -14 0 P

2 1 2

3
1 -14 -1

2 0 2

3
1 -14 -2

2 -1 2

0
1 -15 -2

2 -1 3

1
1 -16 -2

2 -1 2

1
1 -16 -1 P

2 -2 2

0
1 -17 -1

2 -3 2 N

3
1 -17 0

2 -4 2 N

2
1 -18 0

2 -3 2

0
1 -19 0

2 -3 1

3
1 -19 -1

2 -2 1

0
1 -20 -1

2 -2 0

0
1 -20 0

2 -2 -1

1
1 -19 0

2 -2 -2 N

0
1 -20 0

2 -2 -1

2
1 -21 0

2 -2 -2

3
1 -21 1

2 -1 -2

3
1 -20 1

2 -2 -2

0
1 -19 1 P

2 -2 -3

1
1 -19 2

2 -1 -3

3
1 -19 1

2 -1 -2

3
1 -18 1

2 -2 -2

3
1 -18 2

2 -2 -3

3
1 -18 3

2 -2 -4

0
1 -18 2

2 -1 -4

1
1 -18 3

2 -1 -3

1
1 -18 4

2 -1 -2

1
1 -19 4

2 -1 -1

3
1 -18 4

2 -1 0

1
1 -18 3

2 -1 -1

3
1 -17 3

2 -1 -2

3
1 -16 3

2 -2 -2

0
1 -15 3

2 -3 -2

3
1 -15 4

2 -2 -2

3
1 -15 5

2 -3 -2

0
1 -16 5

2 -3 -1

1
1 -17 5

2 -3 0

0
1 -18 5

2 -3 -1

0
1 -19 5

2 -4 -1

0
1 -20 5

2 -4 -2 N

1
1 -20 6

2 -4 -3

1
1 -20 7

2 -4 -2

3
1 -19 7

2 -4 -3

0
1 -20 7

2 -3 -3

0
1 -19 7

2 -4 -3

3
1 -19 8

2 -4 -4

0
1 -18 8

2 -3 -4

1
1 -18 9

2 -4 -4

0
1 -17 9

2 -5 -4

0
1 -16 9 N

2 -5 -3

1
1 -16 10

2 -4 -3

3
1 -16 9

2 -4 -4

3
1 -15 9 P

2 -5 -4

0
1 -15 10

2 -5 -5

0
1 -15 9

2 -5 -6

0
1 -14 9

2 -4 -6

3
1 -13 9

2 -4 -5

3
1 -13 10

2 -4 -4

0
1 -13 9

2 -4 -3

0
1 -12 9

2 -5 -3

0
1 -11 9

2 -5 -2 N

1
1 -11 10 N

2 -5 -1

3
1 -10 10

2 -5 0

0
1 -9 10

2 -4 0

0
1 -8 10

2 -4 -1

0
1 -7 10 N

2 -4 -2

3
1 -6 10 N

2 -4 -3

3
1 -5 10

2 -3 -3

3
1 -5 11 N

2 -4 -3

3
1 -5 12 N

2 -5 -3

0
1 -4 12 N

2 -5 -4

3
1 -4 13 N

2 -5 -5

0
1 -3 13 N

2 -6 -5

0
1 -4 13

2 -7 -5

0
1 -5 13 N

2 -7 -4 N

3
1 -5 14

2 -7 -3 N

0
1 -6 14

2 -6 -3

3
1 -6 15

2 -6 -2 N

3
1 -5 15

2 -6 -1

1
1 -5 16

2 -7 -1 N

0
1 -6 16

2 -7 0

1
1 -6 17 N

2 -6 0 N

1
1 -6 18

2 -6 -1

1
1 -6 19

2 -6 -2

1
1 -6 20 P

2 -7 -2

0
1 -5 20

2 -7 -3

3
1 -5 19

2 -7 -4

0
1 -5 20

2 -7 -3

3
1 -4 20

2 -7 -4

1
1 -4 21

2 -6 -4

3
1 -3 21

2 -6 -5

3
1 -3 22

2 -6 -6

0
1 -3 21

2 -6 -5

0
1 -2 21 N

2 -6 -6

0
1 -1 21

2 -7 -6 N

3
1 -1 22

2 -8 -6 N

3
1 0 22

2 -8 -5 N

0
1 1 22 P

2 -8 -4

0
1 2 22

2 -9 -4

1
1 2 23

2 -9 -3

0
1 3 23

2 -8 -3

3
1 4 23

2 -8 -2

1
1 4 24 P

2 -8 -1

0
1 5 24

2 -8 0

1
1 4 24

2 -8 -1

3
1 4 25

2 -8 -2

1
1 3 25

2 -8 -3

0
1 2 25

2 -9 -3

1
1 1 25

2 -9 -2

0
1 0 25

2 -9 -1

3
1 0 24

2 -9 0

1
1 0 23

2 -8 0

0
1 -1 23 P

2 -8 -1

0
1 0 23

2 -8 -2

3
1 0 24

2 -8 -3

0
1 -1 24

2 -8 -4

0
1 -2 24

2 -9 -4

1
1 -3 24

2 -9 -5 N

3
1 -3 25

2 -8 -5

1
1 -3 24

2 -9 -5

1
1 -4 24

2 -9 -6

2
1 -3 24

2 -9 -7 N

3
1 -3 23

2 -9 -6

1
1 -2 23

2 -9 -7

2
1 -2 22

2 -8 -7 N

2
1 -2 21

2 -8 -6

3
1 -2 20

2 -8 -7

1
1 -3 20

2 -7 -7

2
1 -4 20

2 -7 -6

0
1 -5 20

2 -7 -7

0
1 -5 21 N

2 -7 -6

3
1 -5 22

2 -8 -6

1
1 -6 22 P

2 -7 -6

3
1 -6 23

2 -7 -7

1
1 -6 22

2 -6 -7

2
1 -6 21

2 -6 -6

1
1 -7 21

2 -7 -6

0
1 -8 21

2 -8 -6

3
1 -8 22 P

2 -8 -7

0
1 -7 22

2 -8 -8 N

1
1 -6 22

2 -7 -8

2
1 -6 21

2 -7 -7

1
1 -6 20

2 -8 -7

1
1 -7 20

2 -8 -8

1
1 -8 20

2 -8 -9

0
1 -9 20

2 -7 -9

0
1 -9 21

2 -7 -8

0
1 -9 22

2 -6 -8

3
1 -9 23 P

2 -7 -8

3
1 -8 23

2 -8 -8

0
1 -9 23

2 -9 -8 N

0
1 -8 23

2 -9 -9

1
1 -8 24

2 -10 -9 N

0
1 -9 24

2 -10 -8

3
1 -9 25

2 -9 -8

0
1 -8 25 P

2 -9 -9

3
1 -7 25

2 -10 -9

0
1 -6 25

2 -10 -10

1
1 -6 26

2 -10 -9

0
1 -6 25

2 -11 -9

0
1 -5 25

2 -11 -8

2
1 -6 25

2 -11 -7

3
1 -6 24

2 -10 -7

2
1 -5 24

2 -10 -6

0
1 -5 23

2 -9 -6

2
1 -4 23

2 -9 -7

1
1 -4 22

2 -9 -8

2
1 -5 22

2 -8 -8

2
1 -5 21

2 -9 -8

1
1 -4 21

2 -9 -9

2
1 -5 21

2 -10 -9

1
1 -6 21

2 -10 -10

2
1 -7 21

2 -10 -9

1
1 -7 20

2 -9 -9

2
1 -7 19

2 -10 -9

2
1 -7 18

2 -10 -10

2
1 -7 17

2 -10 -11

1
1 -8 17

2 -9 -11

1
1 -8 18

2 -9 -10 N

1
1 -7 18

2 -9 -9

3
1 -6 18

2 -10 -9

1
1 -6 19

2 -10 -10

2
1 -7 19

2 -11 -10

2
1 -7 18

2 -11 -11

1
1 -8 18

2 -12 -11

1
1 -8 17

2 -13 -11

1
1 -8 16 N

2 -13 -10

1
1 -9 16

2 -12 -10 N

0
1 -9 17

2 -12 -9

0
1 -10 17

2 -12 -8 N

1
1 -11 17

2 -11 -8

1
1 -12 17 P

2 -11 -9

0
1 -13 17

2 -11 -10

1
1 -13 18

2 -11 -11

0
1 -12 18

2 -12 -11

0
1 -11 18

2 -11 -11

3
1 -11 19

2 -11 -10

0
1 -10 19

2 -11 -11

1
1 -10 20 N

2 -11 -12

0
1 -10 21

2 -10 -12

2
1 -10 20

2 -11 -12

1
1 -11 20 P

2 -11 -11

1
1 -11 21

2 -12 -11

0
1 -10 21

2 -12 -12

1
1 -11 21

2 -12 -11

1
1 -11 22

2 -12 -12

1
1 -12 22

2 -13 -12 N

0
1 -13 22 P

2 -13 -13

1
1 -14 22

2 -12 -13

3
1 -14 23

2 -12 -12

3
1 -13 23

2 -13 -12

0
1 -12 23

2 -13 -13

0
1 -11 23

2 -14 -13

0
1 -10 23

2 -14 -12 N

0
1 -11 23

2 -14 -11

1
1 -12 23

2 -15 -11

3
1 -12 24

2 -16 -11

1
1 -12 25

2 -15 -11

0
1 -11 25

2 -15 -10

1
1 -11 26

2 -14 -10

3
1 -10 26

2 -14 -9 N

1
1 -11 26

2 -13 -9 N

0
1 -12 26 P

2 -14 -9

1
1 -13 26

2 -14 -8

0
1 -12 26

2 -13 -8

2
1 -12 25

2 -14 -8

3
1 -11 25

2 -14 -7

0
1 -11 26

2 -13 -7

1
1 -12 26

2 -13 -8

3
1 -12 27

2 -13 -9

0
1 -13 27

2 -13 -10

1
1 -14 27 P

2 -13 -11

1
1 -14 26

2 -13 -12

0
1 -15 26

2 -13 -13

1
1 -14 26

2 -14 -13

0
1 -14 27

2 -14 -14

0
1 -15 27

2 -13 -14 N

3
1 -15 28

2 -13 -13

0
1 -14 28

2 -14 -13

0
1 -13 28

2 -15 -13 N

1
1 -13 29

2 -14 -13

1
1 -13 30

2 -14 -14

0
1 -12 30

2 -15 -14

3
1 -12 31 N

2 -15 -15

1
1 -12 32

2 -15 -14

0
1 -13 32

2 -14 -14

0
1 -14 32

2 -14 -15

1
1 -14 33

2 -14 -14

0
1 -15 33

2 -15 -14

1
1 -16 33

2 -15 -15

0
1 -17 33

2 -15 -14

1
1 -17 34

2 -15 -15

0
1 -18 34

2 -16 -15

3
1 -18 35 P

2 -16 -14

1
1 -18 36

2 -15 -14

3
1 -17 36

2 -14 -14

3
1 -16 36

2 -14 -15

0
1 -15 36 P

2 -14 -14

3
1 -15 37

2 -15 -14

3
1 -15 36

2 -15 -15

0
1 -14 36

2 -16 -15

0
1 -14 37

2 -16 -16 N

0
1 -13 37 P

2 -15 -16 N

3
1 -13 38

2 -15 -15

1
1 -14 38 P

2 -16 -15

1
1 -15 38

2 -16 -16

2
1 -15 37

2 -17 -16

2
1 -15 36

2 -17 -15

3
1 -15 35

2 -17 -14

3
1 -15 34

2 -17 -13

3
1 -15 35

2 -17 -12

2
1 -16 35 P

2 -16 -12

2
1 -17 35 P

2 -15 -12

0
1 -17 34

2 -14 -12

1
1 -16 34

2 -14 -13

0
1 -15 34

2 -14 -14

0
1 -15 35

2 -15 -14

3
1 -14 35

2 -16 -14

0
1 -14 34

2 -16 -13 N

0
1 -13 34

2 -16 -14

3
1 -13 33

2 -16 -15

1
1 -13 32

2 -17 -15

2
1 -13 31

2 -17 -16

2
1 -14 31

2 -17 -17

2
1 -14 30 P

2 -16 -17

1
1 -15 30

2 -15 -17

0
1 -16 30

2 -15 -16

1
1 -16 31

2 -15 -15

1
1 -17 31

2 -16 -15

3
1 -17 32

2 -16 -16

3
1 -16 32

2 -17 -16

2
1 -15 32 N

2 -17 -17

2
1 -15 31 P

2 -17 -18 N

2
1 -15 30

2 -16 -18

1
1 -16 30

2 -16 -17

1
1 -16 29

2 -17 -17

0
1 -15 29

2 -18 -17

1
1 -14 29

2 -18 -16

0
1 -13 29

2 -17 -16

0
1 -12 29

2 -17 -17

0
1 -11 29

2 -17 -16

0
1 -11 30

2 -18 -16

0
1 -10 30

2 -18 -15

1
1 -10 31

2 -18 -14

3
1 -10 32

2 -18 -13

1
1 -10 31

2 -18 -12

0
1 -9 31

2 -18 -11

3
1 -8 31 P

2 -18 -10

3
1 -7 31

2 -17 -10

0
1 -6 31 P

2 -16 -10

3
1 -5 31

2 -16 -9

0
1 -4 31

2 -15 -9 N

1
1 -4 32

2 -14 -9

3
1 -4 33

2 -14 -10

0
1 -3 33 P

2 -14 -11

3
1 -3 34

2 -14 -12

0
1 -2 34 P

2 -14 -13

3
1 -2 35

2 -14 -14

1
1 -2 36

2 -15 -14

0
1 -3 36

2 -14 -14

3
1 -3 37

2 -14 -15

3
1 -2 37 N

2 -14 -14

3
1 -2 38

2 -15 -14

3
1 -1 38

2 -15 -15

3
1 0 38

2 -16 -15

0
1 1 38

2 -16 -16

1
1 1 39

2 -17 -16

0
1 2 39

2 -17 -17

0
1 3 39 P

2 -18 -17

3
1 4 39

2 -18 -18 N

0
1 3 39

2 -19 -18

0
1 2 39

2 -20 -18

3
1 2 38 P

2 -21 -18

3
1 3 38

2 -21 -17

3
1 3 37

2 -21 -16

0
1 4 37

2 -21 -15

3
1 4 38

2 -20 -15

0
1 4 39

2 -19 -15

3
1 4 38

2 -19 -14

3
1 5 38

2 -19 -13

3
1 5 39

2 -19 -12

3
1 5 40

2 -19 -11

3
1 5 39

2 -19 -10 N

3
1 5 40

2 -19 -9

0
1 6 40

2 -18 -9

3
1 7 40

2 -17 -9

1
1 7 41

2 -16 -9

0
1 7 40

2 -16 -8

1
1 7 41

2 -15 -8 N

0
1 6 41

2 -14 -8

1
1 5 41

2 -15 -8

1
1 4 41

2 -15 -7

0
1 3 41

2 -15 -6

1
1 4 41

2 -14 -6

0
1 3 41

2 -13 -6

3
1 3 42

2 -12 -6

3
1 3 43

2 -11 -6

0
1 4 43

2 -10 -6

3
1 5 43

2 -10 -5

3
1 5 44

2 -11 -5

1
1 4 44

2 -11 -4

0
1 3 44

2 -11 -3

3
1 3 45 N

2 -10 -3

3
1 4 45

2 -11 -3

0
1 5 45

2 -11 -2

3
1 5 46 P

2 -10 -2

1
1 4 46

2 -11 -2

3
1 4 47

2 -11 -1

3
1 5 47

2 -11 -2

3
1 5 48

2 -11 -3

1
1 5 49

2 -12 -3

1
1 4 49

2 -12 -2

2
1 4 48

2 -11 -2

1
1 3 48

2 -11 -3

0
1 3 49

2 -10 -3

0
1 2 49

2 -10 -4 N

3
1 2 50

2 -11 -4

0
1 3 50

2 -11 -5

1
1 3 51

2 -11 -6

3
1 4 51 P

2 -10 -6

1
1 4 52

2 -9 -6

1
1 3 52

2 -10 -6

3
1 3 53

2 -10 -7

1
1 2 53

2 -10 -8

1
1 2 54

2 -10 -9

0
1 1 54

2 -10 -10

3
1 1 55

2 -11 -10

1
1 1 56

2 -11 -11

1
1 0 56

2 -12 -11

1
1 0 57 P

2 -12 -12

1
1 -1 57

2 -13 -12

0
1 -2 57

2 -13 -13

3
1 -2 58 P

2 -14 -13

2
1 -2 57

2 -13 -13

1
1 -2 56

2 -13 -12

2
1 -1 56

2 -13 -13

3
1 -1 55

2 -14 -13

2
1 0 55

2 -14 -14

2
1 -1 55

2 -14 -13

1
1 -2 55

2 -14 -14

1
1 -3 55

2 -15 -14

0
1 -3 56

2 -15 -15

1
1 -4 56 P

2 -15 -16

0
1 -5 56

2 -15 -15

1
1 -5 57

2 -16 -15

1
1 -6 57

2 -16 -16

3
1 -6 58

2 -17 -16

0
1 -5 58

2 -16 -16

3
1 -4 58

2 -16 -17

0
1 -3 58

2 -16 -16

0
1 -4 58

2 -17 -16

0
1 -4 57

2 -17 -17

1
1 -3 57

2 -18 -17

1
1 -3 56

2 -18 -18

1
1 -3 55

2 -19 -18

1
1 -2 55

2 -19 -17

2
1 -3 55

2 -19 -16 N

2
1 -4 55

2 -19 -17

1
1 -3 55

2 -19 -18

2
1 -4 55

2 -19 -19 N

2
1 -3 55

2 -19 -20

1
1 -3 54 P

2 -18 -20

0
1 -2 54 N

2 -18 -19

0
1 -1 54

2 -18 -18

2
1 0 54

2 -18 -19

3
1 0 53

2 -18 -18

2
1 0 54

2 -19 -18

1
1 -1 54

2 -19 -19

2
1 -2 54

2 -19 -20

2
1 -3 54

2 -20 -20 N

1
1 -4 54

2 -20 -19

0
1 -5 54

2 -20 -20

1
1 -5 55

2 -21 -20 N

1
1 -6 55

2 -21 -19

2
1 -6 56

2 -21 -20

1
1 -7 56 P

2 -21 -21

1
1 -7 57 P

2 -21 -22

1
1 -7 58 P

2 -20 -22

1
1 -7 59

2 -20 -21

0
1 -8 59

2 -20 -20

1
1 -9 59

2 -20 -21

1
1 -9 58

2 -20 -20

1
1 -9 57

2 -21 -20

0
1 -8 57

2 -20 -20

2
1 -9 57

2 -21 -20

0
1 -8 57

2 -21 -21

1
1 -9 57

2 -22 -21

1
1 -9 56

2 -21 -21

1
1 -10 56

2 -22 -21

1
1 -10 57

2 -22 -20

1
1 -9 57

2 -21 -20

0
1 -9 56

2 -21 -21

2
1 -9 57

2 -21 -20

3
1 -9 56

2 -22 -20

3
1 -9 55

2 -22 -19

1
1 -10 55

2 -21 -19

0
1 -11 55

2 -20 -19

1
1 -11 56

2 -20 -20

0
1 -12 56

2 -20 -19

1
1 -11 56

2 -20 -20

1
1 -12 56

2 -20 -21

1
1 -12 57

2 -21 -21

1
1 -13 57

2 -22 -21

3
1 -13 58

2 -22 -22

3
1 -12 58

2 -23 -22

1
1 -12 59

2 -23 -21

3
1 -11 59

2 -24 -21

0
1 -10 59

2 -24 -20

0
1 -11 59

2 -24 -19

0
1 -11 58 P

2 -23 -19

1
1 -10 58

2 -24 -19

3
1 -9 58

2 -25 -19

0
1 -9 59

2 -25 -18 N

3
1 -9 60

2 -24 -18

1
1 -9 61

2 -23 -18

0
1 -8 61

2 -22 -18

1
1 -8 62

2 -21 -18

0
1 -8 61

2 -21 -19

0
1 -7 61

2 -21 -20

3
1 -7 62

2 -21 -21

3
1 -6 62 P

2 -22 -21

0
1 -5 62

2 -22 -22

3
1 -4 62

2 -23 -22

1
1 -4 63

2 -23 -23

0
1 -5 63

2 -23 -22

1
1 -6 63

2 -23 -23

1
1 -5 63

2 -23 -22

1
1 -5 64

2 -23 -23

1
1 -6 64

2 -22 -23

3
1 -6 65

2 -22 -22

3
1 -5 65

2 -23 -22

3
1 -4 65

2 -23 -23

0
1 -3 65

2 -24 -23 N

1
1 -3 66

2 -24 -22

0
1 -4 66

2 -24 -23

3
1 -3 66

2 -24 -24

3
1 -2 66 N

2 -24 -23

0
1 -1 66

2 -25 -23

1
1 -1 67

2 -25 -22

1
1 -2 67

2 -25 -21

2
1 -2 66

2 -25 -20

3
1 -1 66

2 -25 -21

2
1 -2 66

2 -25 -22

1
1 -3 66

2 -25 -23

0
1 -3 67

2 -25 -24

1
1 -3 68

2 -25 -25 N

1
1 -4 68

2 -25 -26

1
1 -4 69

2 -25 -25

0
1 -5 69

2 -24 -25

3
1 -5 70

2 -25 -25

0
1 -4 70

2 -26 -25 N

3
1 -3 70

2 -26 -24

0
1 -2 70

2 -26 -23

0
1 -1 70

2 -27 -23

0
1 0 70

2 -26 -23

0
1 1 70 P

2 -26 -22

3
1 2 70

2 -26 -21

3
1 2 71

2 -26 -20

1
1 2 72

2 -26 -19

3
1 3 72 P

2 -26 -18 N

3
1 4 72 P

2 -26 -17

1
1 4 73

2 -25 -17

1
1 3 73

2 -24 -17

3
1 3 74

2 -23 -17

0
1 2 74

2 -22 -17

3
1 2 75

2 -22 -16

1
1 1 75

2 -22 -15

3
1 1 76

2 -22 -14

0
1 2 76

2 -22 -15

3
1 3 76

2 -21 -15

3
1 4 76

2 -21 -14

3
1 4 77

2 -21 -15

3
1 5 77

2 -21 -16

3
1 6 77

2 -21 -17

3
1 7 77

2 -20 -17

1
1 6 77

2 -21 -17

1
1 6 78

2 -21 -18

0
1 7 78

2 -22 -18

0
1 8 78

2 -21 -18

0
1 9 78

2 -21 -19

1
1 9 79

2 -21 -20

3
1 10 79

2 -22 -20

3
1 10 80

2 -22 -21

1
1 9 80

2 -22 -22

1
1 9 81

2 -22 -23

0
1 10 81

2 -22 -22

3
1 10 82

2 -22 -23

0
1 10 81

2 -22 -22

0
1 11 81

2 -23 -22

0
1 11 82

2 -22 -22

0
1 10 82

2 -22 -23

3
1 10 83 P

2 -22 -22

1
1 9 83 P

2 -23 -22

1
1 9 84

2 -23 -23

0
1 10 84

2 -24 -23

1
1 9 84

2 -24 -24

1
1 8 84

2 -23 -24

0
1 7 84

2 -23 -23

3
1 7 85 P

2 -24 -23

0
1 6 85

2 -23 -23

0
1 5 85 P

2 -24 -23

0
1 4 85

2 -24 -24

1
1 4 84

2 -25 -24

1
1 4 85

2 -25 -25

0
1 5 85

2 -26 -25

1
1 4 85

2 -26 -26

1
1 3 85

2 -27 -26

3
1 3 86

2 -27 -25

0
1 4 86

2 -26 -25

0
1 5 86 P

2 -25 -25

3
1 6 86

2 -25 -24

3
1 7 86

2 -25 -25

3
1 8 86

2 -25 -26

1
1 8 87

2 -25 -25

3
1 9 87

2 -26 -25

0
1 10 87

2 -26 -26

1
1 10 88

2 -27 -26

0
1 10 87

2 -27 -27

3
1 10 88

2 -26 -27 N

0
1 9 88

2 -26 -26

1
1 8 88

2 -27 -26

1
1 8 89

2 -27 -27

2
1 8 88

2 -28 -27

2
1 8 87

2 -29 -27

1
1 7 87 P

2 -29 -26 N

0
1 7 88

2 -29 -27

1
1 6 88

2 -29 -28

1
1 5 88 P

2 -28 -28

1
1 5 89

2 -27 -28

1
1 5 88

2 -27 -27

1
1 5 87 P

2 -28 -27

1
1 6 87

2 -28 -26

2
1 6 86

2 -28 -25

2
1 6 85

2 -28 -24

2
1 5 85

2 -28 -25

0
1 5 84

2 -28 -26

2
1 4 84

2 -29 -26

2
1 3 84

2 -28 -26

1
1 3 83

2 -29 -26

0
1 4 83

2 -29 -25

3
1 4 82 P

2 -29 -24 N

0
1 5 82

2 -29 -23

0
1 5 83

2 -29 -24

0
1 6 83

2 -29 -25

3
1 6 82

2 -29 -26

3
1 7 82

2 -29 -27

3
1 8 82

2 -29 -28

2
1 9 82

2 -29 -29

2
1 9 81

2 -29 -28

1
1 8 81

2 -29 -29

2
1 8 80

2 -28 -29 N

1
1 7 80 P

2 -28 -28

1
1 7 81

2 -29 -28

1
1 6 81

2 -29 -29

1
1 6 80

2 -30 -29

1
1 6 79

2 -31 -29

0
1 5 79

2 -31 -28 N

1
1 5 80

2 -30 -28 N

1
1 4 80

2 -30 -27

1
1 4 81

2 -31 -27

1
1 5 81

2 -30 -27

1
1 5 80

2 -30 -26

1
1 5 79

2 -30 -25

2
1 5 78

2 -30 -24

2
1 5 77

2 -30 -23

2
1 6 77

2 -30 -22 N

1
1 5 77

2 -29 -22

0
1 4 77

2 -28 -22

0
1 3 77

2 -27 -22

1
1 3 78

2 -27 -21 N

2
1 3 77

2 -26 -21

1
1 3 76

2 -26 -22

1
1 2 76

2 -26 -23

1
1 1 76

2 -26 -24

1
1 1 77

2 -27 -24

2
1 1 76

2 -27 -25

0
1 0 76

2 -28 -25

0
1 0 77

2 -28 -26

3
1 0 78

2 -28 -27

0
1 1 78 P

2 -28 -28

1
1 1 79

2 -28 -27

3
1 1 80

2 -28 -28

0
1 2 80

2 -29 -28

3
1 2 79

2 -28 -28

0
1 2 80

2 -29 -28

1
1 3 80

2 -29 -29

0
1 2 80

2 -29 -30

1
1 2 81 P

2 -29 -29

1
1 2 80

2 -30 -29

3
1 2 79

2 -30 -30

0
1 3 79

2 -31 -30

0
1 3 80

2 -32 -30

0
1 3 79

2 -32 -29

1
1 2 79

2 -31 -29

1
1 2 78

2 -30 -29

2
1 2 77

2 -30 -30

2
1 3 77

2 -31 -30

2
1 3 76

2 -31 -31

1
1 2 76

2 -30 -31 N

1
1 1 76

2 -29 -31

1
1 0 76

2 -29 -30

0
1 -1 76

2 -29 -29

1
1 -2 76

2 -30 -29

3
1 -2 75

2 -30 -30

1
1 -2 76

2 -30 -29

1
1 -3 76 P

2 -31 -29

1
1 -3 77

2 -31 -30

3
1 -3 78

2 -31 -31

3
1 -3 77

2 -32 -31

1
1 -4 77

2 -32 -32

1
1 -5 77 P

2 -32 -33 N

0
1 -4 77

2 -32 -34

1
1 -5 77

2 -31 -34 N

1
1 -5 78

2 -31 -33

0
1 -4 78

2 -31 -32

0
1 -5 78

2 -31 -31

0
1 -6 78 P

2 -32 -31

3
Error in move selection (721).
1 -6 79

2 -32 -32

0
1 -7 79

2 -32 -33

1
1 -7 80

2 -33 -33 N

0
1 -6 80

2 -33 -32

3
1 -6 81

2 -33 -31

0
1 -5 81

2 -33 -30

0
1 -4 81

2 -33 -29

0
1 -5 81

2 -33 -28

1
1 -5 82

2 -32 -28

3
1 -4 82

2 -32 -27

3
1 -3 82 P

2 -31 -27

3
1 -3 83 P

2 -31 -26

3
1 -2 83

2 -30 -26

0
1 -1 83 P

2 -30 -27

1
1 -1 84 P

2 -29 -27

1
1 -1 85 P

2 -28 -27

1
1 -1 84

2 -28 -28

3
1 0 84 P

2 -29 -28

3
1 1 84

2 -29 -29

1
1 0 84

2 -29 -30

3
1 1 84

2 -28 -30

1
1 2 84 P

2 -27 -30

0
1 1 84

2 -27 -29 N

1
1 0 84

2 -27 -28

2
1 -1 84

2 -28 -28

1
1 -2 84

2 -28 -29

1
1 -3 84

2 -29 -29

1
1 -4 84 P

2 -29 -30

0
1 -5 84 P

2 -30 -30

1
1 -5 83

2 -31 -30

0
1 -6 83 P

2 -31 -31

1
1 -7 83

2 -32 -31

3
1 -7 84

2 -32 -32

0
1 -8 84 P

2 -33 -32

3
1 -8 85

2 -33 -33

1
1 -8 84

2 -34 -33

1
1 -9 84

2 -34 -32

1
1 -9 85 P

2 -33 -32

1
1 -9 86

2 -32 -32

3
1 -8 86

2 -33 -32

0
1 -9 86

2 -34 -32

3
1 -9 87

2 -34 -31

0
1 -8 87

2 -34 -30

1
1 -8 88

2 -34 -29

1
1 -9 88

2 -34 -28 N

1
1 -9 89 P

2 -34 -27

1
1 -10 89 P

2 -34 -26

3
1 -10 90

2 -33 -26

2
1 -10 89

2 -32 -26 N

0
1 -11 89

2 -32 -25

0
1 -11 90

2 -32 -26

3
1 -11 91

2 -31 -26

0
1 -12 91

2 -30 -26

1
1 -13 91

2 -31 -26

1
1 -14 91

2 -31 -25

1
1 -15 91

2 -31 -24

1
1 -15 90

2 -30 -24

3
1 -14 90

2 -31 -24

3
1 -14 89

2 -31 -23

0
1 -14 90

2 -32 -23

3
1 -13 90

2 -32 -22

1
1 -13 91

2 -32 -21 N

0
1 -14 91

2 -31 -21

1
1 -14 92 P

2 -31 -20 N

1
1 -15 92

2 -30 -20 N

1
1 -15 91

2 -29 -20

1
1 -15 90

2 -28 -20

2
1 -15 89

2 -27 -20

3
1 -15 88

2 -26 -20

2
1 -15 89

2 -26 -21

0
1 -16 89

2 -26 -22

1
1 -16 90

2 -26 -23

0
1 -17 90

2 -25 -23

1
1 -18 90

2 -25 -24

1
1 -19 90

2 -25 -25

3
1 -19 91

2 -25 -24

3
1 -19 92 P

2 -25 -25

3
1 -18 92

2 -25 -24

3
1 -18 93

2 -26 -24

0
1 -18 92

2 -26 -25

0
1 -18 91

2 -26 -26

0
1 -18 92

2 -27 -26

0
1 -18 91

2 -27 -27

0
1 -18 92

2 -28 -27

3
1 -17 92

2 -28 -28

0
1 -17 93

2 -29 -28

0
1 -16 93

2 -29 -29

1
1 -17 93

2 -29 -30

3
1 -17 94

2 -30 -30

1
1 -17 95

2 -31 -30

1
1 -17 94

2 -31 -31

3
1 -17 95

2 -31 -30

3
1 -16 95

2 -31 -31

1
1 -16 96 P

2 -32 -31

0
1 -15 96

2 -31 -31

0
1 -14 96

2 -32 -31

3
1 -13 96

2 -33 -31

1
1 -13 97

2 -33 -32

3
1 -12 97

2 -33 -33

1
1 -12 98

2 -34 -33

0
1 -11 98 P

2 -34 -34

3
1 -10 98

2 -34 -33

3
1 -10 99 P

2 -35 -33

3
1 -10 100

2 -35 -32 N

1
1 -10 101

2 -36 -32 N

1
1 -11 101

2 -37 -32

0
1 -12 101

2 -37 -31 N

0
1 -11 101

2 -37 -30

0
1 -12 101

2 -36 -30

0
1 -13 101

2 -35 -30

0
1 -14 101 P

2 -35 -29

3
1 -14 102

2 -35 -28

1
1 -15 102

2 -35 -27 N

1
1 -16 102

2 -34 -27

3
1 -16 103

2 -33 -27

3
1 -16 104

2 -33 -28

3
1 -16 103

2 -33 -29

0
1 -15 103

2 -33 -30

1
1 -15 102

2 -33 -31

2
1 -15 101

2 -33 -32

3
1 -15 100

2 -33 -33

3
1 -14 100

2 -34 -33

2
1 -14 101

2 -34 -34

0
1 -14 100

2 -33 -34

3
1 -14 99

2 -33 -33

3
1 -14 98

2 -34 -33

0
1 -13 98

2 -35 -33

3
1 -13 99

2 -35 -34

0
1 -13 100

2 -35 -35

3
1 -13 99

2 -34 -35

3
1 -13 100

2 -35 -35

1
1 -13 101

2 -36 -35

1
1 -14 101

2 -35 -35

2
1 -14 100

2 -35 -34

2
1 -14 99

2 -35 -35

1
1 -15 99 P

2 -35 -36

1
1 -16 99 P

2 -34 -36

1
1 -16 100

2 -34 -35

0
1 -17 100

2 -34 -34

3
1 -17 101

2 -35 -34

0
1 -18 101

2 -35 -35

1
1 -19 101 P

2 -36 -35

1
1 -19 102

2 -35 -35

0
1 -20 102

2 -35 -36

1
1 -20 101 P

2 -35 -35

0
1 -21 101

2 -35 -34

0
1 -21 102

2 -36 -34

3
1 -21 103

2 -36 -33

0
1 -20 103

2 -36 -34

2
1 -20 102

2 -36 -35

1
1 -20 101

2 -35 -35

3
1 -20 100

2 -36 -35

3
1 -19 100

2 -36 -36

2
1 -19 101

2 -37 -36 N

3
1 -19 100

2 -38 -36 N

1
1 -19 101

2 -38 -35

3
1 -19 100

2 -38 -34 N

1
1 -18 100

2 -37 -34

3
1 -18 99 P

2 -37 -33

1
1 -18 98

2 -37 -34

0
1 -19 98

2 -37 -35

0
1 -20 98

2 -37 -36

3
1 -20 99 P

2 -37 -37

2
1 -20 98

2 -36 -37

3
1 -20 97 P

2 -35 -37

3
1 -19 97

2 -34 -37 N

1
1 -19 98

2 -33 -37

1
1 -20 98

2 -33 -36

1
1 -20 97

2 -32 -36

1
1 -20 96 P

2 -32 -35

0
1 -19 96

2 -32 -36

3
1 -19 97

2 -32 -35

1
1 -19 98

2 -31 -35

2
1 -20 98

2 -31 -34

1
1 -20 97

2 -32 -34

0
1 -21 97

2 -32 -35

1
1 -21 98 P

2 -33 -35

0
1 -22 98

2 -34 -35

0
1 -23 98 P

2 -35 -35

1
1 -24 98 P

2 -36 -35

1
1 -24 97

2 -35 -35

1
1 -24 98

2 -36 -35

3
1 -24 99

2 -36 -36

0
1 -25 99

2 -37 -36

1
1 -26 99

2 -37 -37

3
1 -26 100

2 -37 -36

1
1 -27 100

2 -37 -37

1
1 -28 100

2 -38 -37 N

1
1 -27 100

2 -37 -37

1
1 -28 100

2 -38 -37

3
1 -28 101

2 -38 -38 N

3
1 -28 102

2 -38 -39

3
1 -27 102

2 -37 -39

3
1 -27 103

2 -36 -39 N

0
1 -26 103

2 -36 -38

3
1 -25 103 P

2 -35 -38

3
1 -24 103

2 -36 -38

0
1 -23 103

2 -36 -37

1
1 -22 103

2 -37 -37

3
1 -22 104

2 -37 -38

1
1 -23 104

2 -37 -37

0
1 -24 104

2 -38 -37

1
1 -24 105

2 -39 -37

3
1 -23 105

2 -39 -36

1
1 -23 106

2 -39 -35 N

0
1 -22 106

2 -40 -35 N

3
1 -21 106

2 -39 -35

0
1 -20 106

2 -39 -34

3
1 -20 107

2 -39 -33

0
1 -19 107

2 -38 -33

3
1 -18 107 P

2 -39 -33

1
1 -18 106

2 -38 -33

3
1 -17 106

2 -38 -32

0
1 -16 106 P

2 -37 -32

1
1 -16 105

2 -38 -32

2
1 -17 105

2 -38 -31 N

1
1 -17 104

2 -37 -31

2
1 -17 103 P

2 -36 -31

2
1 -17 102

2 -35 -31

3
1 -17 101

2 -34 -31

0
1 -18 101

2 -33 -31

2
1 -19 101

2 -32 -31

1
1 -20 101

2 -32 -32

2
1 -20 100

2 -33 -32

2
1 -20 101

2 -33 -33

1
1 -21 101

2 -33 -32

2
1 -21 100

2 -33 -33

0
1 -22 100

2 -34 -33

1
1 -22 101

2 -33 -33

1
1 -22 102 P

2 -34 -33

1
1 -21 102

2 -34 -34

1
1 -21 101

2 -35 -34

1
1 -22 101

2 -35 -35

2
1 -22 100

2 -36 -35

1
1 -23 100

2 -36 -36

2
1 -22 100

2 -37 -36

0
1 -23 100

2 -37 -37

1
1 -23 101

2 -38 -37

0
1 -24 101 P

2 -38 -38

1
1 -25 101

2 -38 -39

1
1 -25 102

2 -39 -39

1
1 -25 103

2 -39 -38

1
1 -25 104

2 -39 -39

0
1 -25 105

2 -40 -39

1
1 -26 105

2 -40 -38 N

1
1 -27 105 P

2 -40 -37

1
1 -28 105

2 -40 -36

1
1 -28 106

2 -40 -37

0
1 -27 106

2 -41 -37 N

1
1 -27 107

2 -41 -36

1
1 -28 107 P

2 -41 -35

3
1 -27 107

2 -40 -35

1
1 -28 107

2 -40 -34

1
1 -28 108

2 -40 -33

0
1 -29 108 P

2 -40 -32

0
1 -30 108

2 -39 -32

0
1 -29 108

2 -39 -31

3
1 -29 109

2 -39 -30 N

3
1 -29 110

2 -38 -30

3
1 -28 110 P

2 -39 -30

1
1 -28 111

2 -39 -29 N

0
1 -29 111

2 -38 -29

0
1 -30 111

2 -37 -29

1
1 -30 112

2 -36 -29

0
1 -29 112

2 -37 -29

3
1 -29 113

2 -37 -28

0
1 -28 113 P

2 -36 -28

3
1 -27 113

2 -35 -28

3
1 -26 113

2 -35 -29

0
1 -27 113

2 -35 -30

3
1 -27 114 P

2 -35 -31

0
1 -26 114

2 -36 -31

0
1 -25 114

2 -36 -32

1
1 -26 114

2 -36 -33

3
1 -25 114

2 -36 -34

1
1 -26 114

2 -36 -35

3
1 -25 114

2 -36 -36

1
1 -25 115

2 -37 -36

0
1 -24 115 P

2 -37 -37

3
1 -24 116

2 -37 -36

0
1 -23 116

2 -37 -37

0
1 -22 116

2 -38 -37

3
1 -21 116

2 -38 -38

1
1 -21 117 P

2 -39 -38

0
1 -20 117

2 -39 -39

3
1 -19 117

2 -39 -38

3
1 -18 117

2 -38 -38

0
1 -19 117

2 -39 -38

3
1 -19 116

2 -39 -39

3
1 -18 116

2 -40 -39

3
1 -18 117

2 -40 -40

3
1 -18 116

2 -40 -39

3
1 -17 116

2 -41 -39 N

1
1 -17 115

2 -40 -39

0
1 -16 115

2 -41 -39

3
1 -16 116 P

2 -41 -38

3
1 -16 117

2 -41 -39

1
1 -17 117

2 -41 -40

0
1 -18 117

2 -41 -41

1
1 -18 118

2 -41 -42

2
1 -18 117

2 -41 -43

1
1 -18 116

2 -40 -43

2
1 -19 116

2 -39 -43

1
1 -20 116

2 -39 -42

1
1 -21 116

2 -39 -41 N

0
1 -22 116

2 -39 -40

0
1 -23 116

2 -39 -39

0
1 -24 116

2 -40 -39

0
1 -25 116

2 -39 -39

1
1 -26 116

2 -39 -38

1
1 -26 115 P

2 -39 -39

1
1 -27 115

2 -40 -39

0
1 -27 116

2 -40 -40

0
1 -26 116

2 -41 -40

1
1 -27 116

2 -41 -41

1
1 -27 115

2 -41 -42

1
1 -28 115

2 -40 -42

0
1 -29 115

2 -40 -41

1
1 -30 115 P

2 -40 -40

1
1 -30 116 P

2 -41 -40

1
1 -31 116

2 -40 -40

1
1 -32 116

2 -41 -40

3
1 -32 117 P

2 -41 -41

0
1 -33 117

2 -42 -41 N

0
1 -34 117

2 -42 -40

1
1 -34 118

2 -42 -39

0
1 -35 118

2 -42 -38

1
1 -36 118

2 -41 -38

1
1 -36 119

2 -41 -39

3
1 -36 120

2 -42 -39

3
1 -35 120

2 -42 -40

3
1 -35 121

2 -42 -41

1
1 -36 121

2 -41 -41

1
1 -37 121

2 -42 -41

0
1 -38 121

2 -42 -42

0
1 -39 121

2 -43 -42

1
1 -40 121

2 -43 -41 N

1
1 -40 120

2 -43 -40

1
1 -40 119

2 -43 -39

0
1 -39 119

2 -43 -38

3
1 -39 120 P

2 -42 -38

3
1 -38 120

2 -42 -37

1
1 -38 121

2 -42 -36

0
1 -37 121

2 -42 -35

3
1 -37 122

2 -41 -35

0
1 -36 122 P

2 -41 -34

3
1 -35 122

2 -41 -33

0
1 -35 121

2 -41 -32

0
1 -34 121

2 -41 -31

0
1 -33 121

2 -41 -32

1
1 -33 122

2 -41 -33

3
1 -32 122

2 -42 -33

0
1 -31 122

2 -42 -32

1
1 -32 122

2 -42 -31 N

0
1 -33 122

2 -41 -31

3
1 -33 123 P

2 -40 -31

3
1 -32 123

2 -40 -30

0
1 -31 123 P

2 -40 -29

0
1 -30 123

2 -40 -28

3
1 -30 124

2 -39 -28

1
1 -31 124

2 -38 -28

1
1 -31 125

2 -38 -27

0
1 -30 125

2 -38 -28

1
1 -30 126

2 -39 -28

1
1 -31 126 P

2 -39 -27

1
1 -32 126

2 -39 -26

1
1 -32 125

2 -38 -26

1
1 -33 125

2 -37 -26

0
1 -34 125

2 -36 -26

1
1 -33 125

2 -35 -26

3
1 -33 124

2 -35 -25

2
1 -32 124

2 -35 -24

1
1 -32 123

2 -35 -25

1
1 -33 123

2 -34 -25 N

1
1 -34 123

2 -33 -25

1
1 -34 124

2 -32 -25

1
1 -35 124 P

2 -32 -24

1
1 -35 125 P

2 -32 -25

0
1 -36 125

2 -31 -25

0
1 -37 125

2 -31 -26

3
1 -37 126

2 -30 -26

0
1 -38 126 P

2 -30 -27

1
1 -39 126

2 -30 -28

3
1 -39 125

2 -31 -28

0
1 -40 125

2 -31 -29

1
1 -40 124

2 -31 -30

3
1 -39 124

2 -32 -30

3
1 -38 124

2 -32 -31

2
1 -38 125

2 -32 -32

1
1 -39 125

2 -32 -31

0
1 -40 125

2 -32 -32

0
1 -41 125 P

2 -32 -31

3
1 -41 126

2 -32 -32

1
1 -41 127 P

2 -33 -32

1
1 -41 126

2 -33 -33

1
1 -40 126

2 -34 -33

1
1 -41 126

2 -34 -34

1
1 -42 126

2 -35 -34

1
1 -42 125

2 -36 -34

1
1 -42 124

2 -36 -35

1
1 -43 124

2 -36 -36

1
1 -43 125

2 -37 -36

1
1 -44 125

2 -36 -36

3
1 -44 126

2 -37 -36

1
1 -43 126

2 -37 -37

0
1 -44 126

2 -38 -37

1
1 -43 126

2 -37 -37

1
1 -43 127

2 -37 -38

1
1 -42 127

2 -38 -38

0
1 -43 127

2 -39 -38

0
1 -44 127

2 -40 -38

0
1 -43 127

2 -39 -38

0
1 -44 127

2 -39 -39

0
1 -45 127

2 -40 -39

3
1 -45 128 P

2 -40 -40

3
1 -45 129

2 -40 -41

0
1 -44 129

2 -41 -41

3
1 -44 130

2 -42 -41

3
1 -44 131

2 -42 -42

3
1 -43 131 P

2 -42 -43 N

3
1 -43 130 P

2 -43 -43 N

3
1 -43 131

2 -43 -44

1
1 -43 132

2 -42 -44

3
1 -42 132

2 -41 -44

0
1 -41 132

2 -41 -43

1
1 -41 133

2 -42 -43

3
1 -40 133

2 -43 -43

1
1 -40 134

2 -43 -44

3
1 -39 134

2 -44 -44 N

0
1 -38 134

2 -44 -43

0
1 -39 134

2 -44 -42 N

3
1 -39 133

2 -44 -41

1
1 -39 134

2 -44 -40

3
1 -39 135

2 -44 -39

3
1 -38 135

2 -44 -38

3
1 -38 136

2 -44 -37

3
1 -38 135

2 -43 -37

3
1 -38 136

2 -44 -37

3
1 -37 136

2 -45 -37

0
1 -38 136

2 -46 -37

0
1 -39 136

2 -47 -37

0
1 -40 136

2 -48 -37

3
1 -40 137

2 -48 -36

1
1 -41 137

2 -47 -36

1
1 -42 137

2 -46 -36

1
1 -42 138

2 -45 -36 N

1
1 -43 138

2 -44 -36 N

1
1 -43 139

2 -44 -35

0
1 -42 139 P

2 -44 -36

3
1 -41 139

2 -43 -36

3
1 -41 140 P

2 -43 -35

0
1 -41 139

2 -42 -35

3
1 -41 138

2 -42 -34

0
1 -41 139

2 -42 -35

1
1 -41 140

2 -41 -35

0
1 -42 140 P

2 -40 -35

3
1 -42 141

2 -40 -36

0
1 -43 141

2 -39 -36

0
1 -42 141

2 -39 -37

1
1 -43 141

2 -40 -37

1
1 -44 141

2 -40 -38

0
1 -45 141 P

2 -40 -39

1
1 -45 142

2 -40 -40

0
1 -46 142

2 -41 -40

0
1 -47 142

2 -42 -40

3
1 -47 143

2 -42 -41

0
1 -46 143

2 -43 -41

3
1 -45 143

2 -43 -42

0
1 -45 142

2 -43 -43

3
1 -45 143

2 -44 -43

3
1 -45 142

2 -43 -43

3
1 -44 142

2 -44 -43

0
1 -43 142

2 -44 -44

3
1 -42 142 P

2 -45 -44

3
1 -42 143

2 -45 -43

1
1 -42 144

2 -46 -43

3
1 -41 144

2 -47 -43

0
1 -40 144

2 -48 -43

3
1 -39 144 P

2 -48 -42 N

3
1 -38 144

2 -47 -42 N

1
1 -38 145 P

2 -46 -42

1
1 -38 146

2 -46 -41

1
1 -38 145

2 -45 -41

1
1 -39 145

2 -45 -40

0
1 -40 145

2 -45 -39

3
1 -40 146

2 -45 -38

2
1 -40 145

2 -45 -39

1
1 -41 145

2 -46 -39

0
1 -42 145

2 -47 -39

0
1 -41 145

2 -47 -38

1
1 -41 146

2 -46 -38

1
1 -41 147

2 -46 -39

1
1 -42 147

2 -45 -39

1
1 -42 146

2 -45 -40

1
1 -42 145

2 -45 -41

2
1 -42 144

2 -45 -42 N

1
1 -43 144

2 -45 -43

0
1 -43 145

2 -45 -44

1
1 -44 145 P

2 -45 -45

0
1 -45 145 P

2 -44 -45

1
1 -45 144

2 -44 -44

0
1 -45 145

2 -45 -44

1
1 -46 145

2 -45 -45

3
1 -46 146

2 -46 -45

0
1 -45 146

2 -46 -44

3
1 -45 147

2 -46 -45

0
1 -45 146

2 -46 -46

1
1 -45 147

2 -45 -46

3
1 -45 148

2 -46 -46

1
1 -46 148

2 -47 -46

3
1 -46 149

2 -47 -45 N

0
1 -45 149

2 -47 -44

3
1 -44 149

2 -47 -45

3
1 -43 149

2 -47 -46

3
1 -42 149 P

2 -47 -47

0
1 -41 149

2 -46 -47

1
1 -41 150 P

2 -46 -46

3
1 -41 151

2 -47 -46

3
1 -41 150

2 -48 -46

0
1 -40 150

2 -48 -45 N

0
1 -39 150

2 -48 -44

0
1 -38 150

2 -48 -45

0
1 -37 150

2 -47 -45

1
1 -37 151

2 -47 -46

1
1 -37 152

2 -47 -47

1
1 -38 152

2 -48 -47

1
1 -38 153

2 -47 -47

0
1 -37 153

2 -48 -47

3
1 -36 153

2 -47 -47

0
1 -35 153

2 -48 -47

3
1 -34 153

2 -48 -48

0
1 -33 153

2 -47 -48

0
1 -32 153

2 -48 -48

1
1 -32 154

2 -48 -47

0
1 -33 154 P

2 -48 -48

3
1 -33 155

2 -49 -48

3
1 -32 155 P

2 -50 -48

1
1 -32 156 P

2 -49 -48

0
1 -33 156

2 -49 -47

0
1 -34 156

2 -50 -47

1
1 -35 156

2 -49 -47

3
1 -35 157

2 -49 -46 N

3
1 -34 157

2 -49 -45

3
1 -34 158 P

2 -49 -44

3
1 -33 158

2 -48 -44

0
1 -32 158

2 -48 -45

3
1 -31 158

2 -47 -45

3
1 -30 158

2 -47 -46

3
1 -30 159

2 -47 -47

0
1 -29 159

2 -48 -47

1
1 -29 160

2 -48 -48

3
1 -28 160

2 -49 -48

1
1 -28 161

2 -49 -49 N

3
1 -27 161

2 -48 -49

3
1 -26 161 P

2 -48 -48

3
1 -26 160

2 -48 -49

1
1 -27 160

2 -48 -48

1
1 -27 159 P

2 -49 -48

1
1 -27 158 P

2 -49 -49

3
1 -27 157

2 -49 -48

0
1 -28 157

2 -50 -48

1
1 -28 156

2 -49 -48

0
1 -27 156

2 -50 -48

0
1 -27 157

2 -50 -49 N

3
1 -27 158

2 -50 -50

3
1 -27 159

2 -49 -50

2
1 -27 160

2 -48 -50

1
1 -27 159

2 -48 -49

2
1 -28 159

2 -48 -48

2
1 -28 158

2 -48 -47

1
1 -28 159

2 -49 -47

2
1 -28 158

2 -49 -48

2
1 -28 159

2 -49 -49

2
1 -28 160

2 -50 -49

1
1 -29 160

2 -50 -50

0
1 -29 161

2 -51 -50 N

0
1 -30 161 P

2 -51 -49

1
1 -31 161

2 -51 -48

0
1 -32 161

2 -52 -48

3
1 -32 162

2 -52 -47

1
1 -33 162

2 -51 -47

3
1 -33 163

2 -51 -46

0
1 -34 163 P

2 -50 -46 N

3
1 -34 164

2 -51 -46

0
1 -35 164

2 -51 -45

0
1 -36 164

2 -50 -45

1
1 -36 163

2 -50 -44

1
1 -37 163

2 -51 -44

3
1 -37 162

2 -51 -43

3
1 -37 161

2 -51 -44

0
1 -36 161

2 -51 -45

3
1 -35 161

2 -51 -46

1
1 -35 162

2 -51 -47

1
1 -35 163 P

2 -51 -48

3
1 -35 162

2 -51 -49

1
1 -34 162

2 -51 -50

2
1 -34 163

2 -50 -50

3
1 -34 164

2 -50 -51

0
1 -33 164

2 -49 -51

3
1 -32 164

2 -49 -50

1
1 -33 164

2 -50 -50

3
1 -33 163

2 -51 -50

3
1 -32 163

2 -51 -51

3
1 -32 164

2 -52 -51

0
1 -31 164

2 -51 -51

1
1 -31 165 P

2 -51 -52

3
1 -30 165 P

2 -50 -52 N

3
1 -30 166

2 -50 -51

0
1 -29 166

2 -51 -51

0
1 -28 166

2 -51 -52

1
1 -28 167

2 -51 -53 N

0
1 -28 166

2 -50 -53

3
1 -28 167

2 -50 -52

0
1 -27 167

2 -50 -51

1
1 -28 167

2 -50 -52

1
1 -28 168

2 -50 -51

3
1 -27 168

2 -50 -50

1
1 -27 169

2 -51 -50

1
1 -28 169

2 -52 -50

1
1 -29 169

2 -52 -49

3
1 -29 170

2 -52 -50

1
1 -29 169

2 -52 -51

1
1 -29 168

2 -52 -52 N

1
1 -29 167

2 -53 -52 N

2
1 -29 166

2 -52 -52

1
1 -30 166

2 -52 -51

1
1 -31 166

2 -52 -52

1
1 -32 166

2 -53 -52

0
1 -33 166

2 -53 -51

3
1 -33 167

2 -53 -50

1
1 -34 167

2 -52 -50

3
1 -34 168

2 -53 -50

0
1 -35 168

2 -53 -49

3
1 -35 169

2 -53 -48

3
1 -34 169

2 -53 -47

3
1 -33 169

2 -53 -46

3
1 -33 170

2 -52 -46

0
1 -33 169

2 -51 -46

1
1 -33 170

2 -51 -47

0
1 -32 170

2 -51 -48

3
1 -31 170 P

2 -51 -49

1
1 -31 169

2 -51 -50

3
1 -31 168

2 -51 -51

1
1 -31 169

2 -51 -52

2
1 -32 169

2 -51 -51

0
1 -31 169

2 -52 -51

0
1 -31 170

2 -53 -51

3
1 -31 169

2 -53 -52

3
1 -31 168

2 -54 -52

3
1 -31 169

2 -54 -51

1
1 -30 169

2 -54 -50

2
1 -31 169

2 -54 -49

1
1 -31 168

2 -54 -48

1
1 -30 168 P

2 -55 -48

2
1 -30 167

2 -55 -47 N

2
1 -31 167

2 -55 -48

0
1 -32 167

2 -54 -48

1
1 -32 168

2 -54 -47 N

2
1 -33 168

2 -53 -47

2
1 -33 167

2 -53 -48

2
1 -33 166

2 -53 -49

2
1 -32 166

2 -53 -50

2
1 -32 165

2 -52 -50

1
1 -33 165

2 -52 -51

2
1 -33 164

2 -53 -51

2
1 -33 163

2 -53 -52

3
1 -32 163

2 -53 -53

0
1 -31 163

2 -52 -53

0
1 -30 163

2 -53 -53

0
1 -30 164

2 -54 -53

3
1 -29 164

2 -54 -54

3
1 -28 164

2 -53 -54

1
1 -29 164

2 -53 -53

0
1 -29 165

2 -54 -53

2
1 -30 165

2 -55 -53

1
1 -30 164

2 -55 -52

2
1 -30 165

2 -55 -51

2
1 -30 164

2 -55 -50

0
1 -30 163

2 -55 -49

1
1 -30 164

2 -56 -49

1
1 -29 164

2 -56 -48

2
1 -30 164

2 -56 -47

0
1 -30 163

2 -56 -46

2
1 -31 163

2 -55 -46

2
1 -32 163

2 -54 -46

3
1 -32 162

2 -54 -45

2
1 -32 163

2 -53 -45

2
1 -32 164

2 -53 -44

1
1 -33 164

2 -53 -43 N

2
1 -33 163

2 -52 -43 N

1
1 -33 164

2 -52 -42

1
1 -33 163

2 -51 -42

2
1 -32 163

2 -50 -42

3
1 -32 162

2 -50 -41

3
1 -31 162

2 -49 -41

3
1 -30 162

2 -49 -42

3
1 -30 163

2 -49 -43

1
1 -30 164

2 -49 -44

0
1 -30 163

2 -48 -44

3
1 -29 163

2 -49 -44

0
1 -28 163

2 -50 -44

3
1 -27 163

2 -50 -43

0
1 -26 163

2 -50 -44

1
1 -26 164

2 -50 -45

0
1 -25 164 P

2 -50 -46

3
1 -24 164

2 -50 -47

1
1 -25 164

2 -50 -48

0
1 -26 164

2 -51 -48

3
1 -26 165

2 -50 -48

1
1 -26 166

2 -51 -48

0
1 -26 167

2 -51 -49

0
1 -26 168

2 -51 -50

3
1 -26 169 P

2 -51 -51

3
1 -25 169 P

2 -52 -51

3
1 -24 169

2 -52 -52

1
1 -24 170

2 -52 -53

0
1